 -1.220344503386469E-002  4.831521994836074E-002 -3.556229641562796E-002
  0.000000000000000E+000  0.000000000000000E+000 -2.483890991679375E-002
 -9.039944278710609E-002  -2.63629862881302      -1.041783019603212E-005
  5.431887267798546E-002 -0.777771431096517       4.192362464539023E-005
 -7.791670202970954E-002 -0.805283757399316       0.887404273337213     
  0.000000000000000E+000  0.000000000000000E+000 -0.159083154763946     
   1.82430893365106      -0.127375191964500      -5.030377637771366E-007
  -1.09672381459334      -3.755565131644806E-002 -9.323322220591845E-005
  0.996885180687384      -0.590917684276059      -0.459618296781688     
  0.000000000000000E+000  0.000000000000000E+000   2.03500485093762     
  0.141492657089641      -4.203919477444619E-002 -1.668481635734576E-007
 -8.505515673837491E-002 -1.245650315805635E-002 -6.773912057004422E-006
  1.220344503386469E-002  0.000000000000000E+000  0.000000000000000E+000
  3.690367531764795E-002 -4.891052071667348E-002  3.984296741077129E-005
  5.434546273695270E-002  0.777770502256692       2.397630421694307E-002
 -8.605471329606451E-002   2.64671410690653      -3.332357849084033E-005
  7.791670202970954E-002  0.000000000000000E+000  0.000000000000000E+000
 -0.904731955021596       0.827903209566867       1.924829423183283E-006
  -1.09672252832259       3.757440043294324E-002  0.153192863968152     
   1.73748757797173       0.127804038210197       4.030304627034020E-006
 -0.996885180687384       0.000000000000000E+000  0.000000000000000E+000
  0.424379792533588       0.558734316605043       6.381856563729416E-007
 -8.505473069904156E-002  1.245795722147870E-002  -1.96026291473361     
  0.134742403964658       4.233480094608007E-002 -9.292385474632403E-008
  0.000000000000000E+000 -4.831521994836074E-002  0.000000000000000E+000
  0.000000000000000E+000  0.000000000000000E+000 -1.882413160465657E-002
  1.081314855332615E-002  0.929272579995334       0.000000000000000E+000
  0.000000000000000E+000  0.000000000000000E+000 -0.576103611771241     
  0.000000000000000E+000  0.805283757399316       0.000000000000000E+000
  0.000000000000000E+000  0.000000000000000E+000  0.709648957188248     
 -0.409718651758386       4.490080727848659E-002  0.000000000000000E+000
  0.000000000000000E+000  0.000000000000000E+000 -2.779566653645595E-002
  0.000000000000000E+000  0.590917684276059       0.000000000000000E+000
  0.000000000000000E+000  0.000000000000000E+000 -0.968626064117717     
  0.559235615735746       1.479075433269627E-002  0.000000000000000E+000
  0.000000000000000E+000  0.000000000000000E+000 -9.224929415600699E-003
  0.000000000000000E+000  0.000000000000000E+000  3.556229641562796E-002
  0.000000000000000E+000  0.000000000000000E+000  4.362319855403955E-002
  2.524083149682724E-002  0.929255546560999       0.000000000000000E+000
  0.000000000000000E+000  0.000000000000000E+000  0.576089480265061     
  0.000000000000000E+000  0.000000000000000E+000 -0.887404273337213     
  0.000000000000000E+000  0.000000000000000E+000 -0.550567727253725     
 -0.317867753570084       4.489998425306987E-002  0.000000000000000E+000
  0.000000000000000E+000  0.000000000000000E+000  2.786723415865088E-002
  0.000000000000000E+000  0.000000000000000E+000  0.459618296781688     
  0.000000000000000E+000  0.000000000000000E+000  -1.06637942500556     
 -0.615673542126346       1.479048322027122E-002  0.000000000000000E+000
  0.000000000000000E+000  0.000000000000000E+000  9.230350160275519E-003
  0.000000000000000E+000  0.000000000000000E+000  0.000000000000000E+000
 -3.690367531764795E-002  0.000000000000000E+000  0.000000000000000E+000
  0.000000000000000E+000  0.000000000000000E+000 -3.946698849540433E-002
  2.280072855555668E-002 -0.934476974606941       0.529649516059930     
  0.000000000000000E+000  0.000000000000000E+000  0.000000000000000E+000
  0.904731955021596       0.000000000000000E+000  0.000000000000000E+000
  0.000000000000000E+000  0.000000000000000E+000  0.478321542040206     
 -0.276158360400381      -4.512446563460067E-002  2.558346346806416E-002
  0.000000000000000E+000  0.000000000000000E+000  0.000000000000000E+000
 -0.424379792533588       0.000000000000000E+000  0.000000000000000E+000
  0.000000000000000E+000  0.000000000000000E+000   1.02316196111957     
 -0.590722575378926      -1.493923900649158E-002  8.483351964915533E-003
  0.000000000000000E+000  0.000000000000000E+000  0.000000000000000E+000
  0.000000000000000E+000  4.891052071667348E-002  0.000000000000000E+000
  0.000000000000000E+000  0.000000000000000E+000  1.550110210865730E-002
  8.935112062522366E-003 -0.934465701203069      -0.529643984599904     
  0.000000000000000E+000  0.000000000000000E+000  0.000000000000000E+000
  0.000000000000000E+000 -0.827903209566867       0.000000000000000E+000
  0.000000000000000E+000  0.000000000000000E+000 -0.631513902970594     
 -0.364605402978006      -4.512392125914851E-002 -2.556582817268021E-002
  0.000000000000000E+000  0.000000000000000E+000  0.000000000000000E+000
  0.000000000000000E+000 -0.558734316605043       0.000000000000000E+000
  0.000000000000000E+000  0.000000000000000E+000  0.937101120462205     
  0.541035328152643      -1.493905878153214E-002 -8.481905873678600E-003
