 2mocoef
header
                     4
MO-coefficients from mcscf.x                                                    
 with dummy occupation 1.0 for active orbitals                                  
 total ao core energy =   38.588704248                                          
MCSCF energy =     -94.155328507                                                
                     1
                    36                    36
 A  
mocoef
(1p3d25.15)                             
    9.959531432388617D-01    2.394583752782932D-02   -1.248135184197273D-02
    1.051859968090340D-05    6.634908247569725D-05   -8.489927789499022D-04
   -1.868242728014581D-05   -1.182089168939805D-04    1.513124863864243D-03
   -1.879963326457363D-06   -4.341349442311221D-05    9.638963394345015D-05
   -7.583683361041337D-06   -1.326952772412063D-05    9.641813718078016D-05
   -6.758928056289393D-04    4.730480922211273D-03    6.236706124387744D-06
    3.974464559693528D-05   -5.084366780460896D-04   -2.761916927791747D-05
   -1.765780568051950D-04    2.258563527671027D-03   -5.679435515632769D-06
    9.818579906966116D-05   -2.011154427515582D-04    1.391298080437282D-05
   -2.125769765392991D-05   -1.556892805173270D-05    1.777588626650065D-03
   -1.553158681586709D-05    1.777623289966020D-03   -2.205390289427816D-04
   -1.248111763112852D-04   -2.205521376382940D-04   -1.248720706550061D-04
   -3.281133535031569D-04   -1.463857139770384D-04   -1.870691812805239D-04
   -5.408493164959458D-06   -3.463552634774293D-05    4.430899597810454D-04
   -1.088991516816407D-05   -6.941173037651590D-05    8.889141915151542D-04
    9.174437604421826D-06    8.623162529822589D-05   -2.006342092445472D-04
    1.687316408789884D-05    5.446885515041421D-05    9.960845313140713D-01
    2.405894522007769D-02   -9.579131610941555D-03   -1.701543404099872D-05
   -1.086067436941462D-04    1.389421412003211D-03   -1.141489212704882D-05
   -7.321200340172322D-05    9.364524228468550D-04   -3.601534712738995D-05
   -9.002045869111647D-05    2.542271494750029D-04   -2.630123201661855D-05
   -1.933783613102568D-04   -4.103068128041445D-06    6.285581169586537D-05
   -4.070086420395734D-06    6.291285189390460D-05   -4.052207207814203D-04
    2.577042366974049D-03   -4.052224769957814D-04    2.577013923020582D-03
   -1.917164554036074D-01    4.032648847288701D-01    4.077529561849969D-01
    1.005935084997463D-03    6.381491654767913D-03   -8.165937978557183D-02
    3.422331720987077D-04    2.157676002928411D-03   -2.761681224960308D-02
   -1.633803567168536D-03   -3.009640965543045D-04    3.413787261745441D-03
   -5.849363700371036D-04   -8.457273037756815D-03   -1.100558200012113D-01
    2.237552289813375D-01    6.682812126057031D-02   -1.835044653499190D-03
   -1.172362637555840D-02    1.499895639495426D-01    1.939835257852650D-04
    1.236454305560298D-03   -1.581972689929913D-02   -5.837598888320592D-04
   -2.798289520432964D-03    6.995446931609473D-03   -6.412681716678549D-04
   -3.244458925383994D-03    9.454654093584883D-02   -1.127360039157080D-02
    9.454768392142471D-02   -1.127397634670195D-02    3.745020439476558D-02
   -1.265583429869781D-03    3.745081369678030D-02   -1.265293036392334D-03
   -7.869516493667172D-02    1.669369169501778D-01    2.643659848198378D-01
   -3.533521705531052D-03   -2.264098642935550D-02    2.896960000193256D-01
   -1.540700823573065D-03   -9.884421160599578D-03    1.264821118998145D-01
   -1.737390725276562D-03    3.059748149847541D-03   -3.623771037262526D-03
   -7.804753082099597D-05   -8.715073934193466D-03    1.616487684860121D-01
   -3.416588535837540D-01   -3.022609840467140D-01   -5.200995647781427D-04
   -3.348166729083390D-03    4.284816770159067D-02   -3.592533463429401D-04
   -2.297832143640658D-03    2.939926405215883D-02    2.101918142925710D-03
   -1.391263491704982D-03   -5.747459969312143D-04    4.682609381158384D-04
    1.073985720708314D-02    1.273935748801291D-01    1.119131070660419D-02
    1.273900809391274D-01    1.119136683983746D-02   -1.342951448735762D-01
   -2.292929211217948D-02   -1.342949711043742D-01   -2.292918107635971D-02
   -3.648383553198341D-07    1.108147415418563D-06    8.898283534883096D-07
   -2.373431264531723D-02    4.789220331743284D-01    3.714814158817376D-02
   -1.557116017681918D-02    3.141955245647309D-01    2.437161020809119D-02
   -1.618582169567972D-04    1.980443317286584D-02    7.728825386242066D-04
   -1.005834214208335D-03    7.848053005361786D-04   -1.985862779155798D-06
    4.614592444510353D-06    6.898896345845885D-06   -8.374600005921252D-03
    1.690129263423022D-01    1.310154685166814D-02   -1.021454231151787D-03
    2.060819506977197D-02    1.596507234335983D-03   -1.053215425946603D-04
    1.250220499633457D-02    4.876738704699605D-04   -6.355544201844172D-04
    4.952869564654748D-04    2.080552846279231D-01    3.654972997994364D-02
   -2.080553645559966D-01   -3.655069141881371D-02    5.689159855447540D-02
    2.272965166158816D-02   -5.688584983815739D-02   -2.272851158970389D-02
    1.061791240482946D-02   -2.598227176984650D-02   -9.119292344099625D-03
   -4.806956470238743D-03   -3.082754757478635D-02    3.943131498913266D-01
   -2.595722794852970D-03   -1.666791090839161D-02    2.131852871996117D-01
   -1.239744505694824D-03    2.690547798346711D-03   -3.675217651605739D-03
    2.631616012095618D-05   -6.177013184210288D-03   -4.033241623553942D-02
    7.670834709955740D-02    2.137160490379048D-01    5.184468384749595D-03
    3.309141290831819D-02   -4.234214824968707D-01    1.182484794687264D-03
    7.557175071068590D-03   -9.669507844499986D-02   -2.141629772290353D-03
    5.620931834133650D-03   -8.437526713759911D-03    1.997764113543998D-04
   -1.059634184359813D-02    1.044840788242135D-01    3.174867424878229D-02
    1.044879460855885D-01    3.174999195681622D-02    1.532299791726662D-01
    6.840449819583257D-02    1.532295531711356D-01    6.840485014981867D-02
    4.178312872075953D-07   -9.359766791473938D-07   -3.502896442520184D-06
   -8.216738254052190D-03    1.655240520032497D-01    1.283813596075314D-02
   -8.394298419279581D-03    1.692135240155197D-01    1.312503700523905D-02
   -2.317339158015235D-04    2.778565420268056D-02    1.084174121313826D-03
   -1.410803860155396D-03    1.100996010990038D-03   -1.945534586426841D-07
    3.413724771676324D-07    2.301184608617613D-06    2.264310537839966D-02
   -4.572894853274200D-01   -3.546294211404871D-02    1.380986591672478D-02
   -2.788581063297596D-01   -2.162360618672162D-02   -3.095142924144798D-04
    3.689413342867352D-02    1.439107867904842D-03   -1.874610066984895D-03
    1.461513430912759D-03    9.823572053683907D-02    4.550509787970414D-02
   -9.823684996018943D-02   -4.550608042603017D-02   -2.417662727729058D-01
   -9.679653105390004D-02    2.417686431008188D-01    9.679859430822063D-02
    5.959877610868292D-06   -1.568971290322392D-05   -1.996503928625861D-05
    5.757567583723323D-01    2.782408800634399D-02    9.199061980543606D-03
    4.519537063015867D-01    2.184216657602005D-02    7.223261489344255D-03
    1.451048044520070D-03   -8.660564361892178D-04   -1.477242181214692D-04
   -1.842324530357025D-02    7.903930270888007D-05   -1.873136026310401D-06
    4.407260466890712D-06   -1.473420642696614D-06    2.011009076978647D-01
    9.699185310121337D-03    3.232182382899170D-03    6.240653828429338D-02
    3.004882567327863D-03    1.001816676090520D-03   -2.695009987598768D-03
    1.611407026196345D-03    2.743465491825525D-04    3.421335328112173D-02
   -1.447467277015469D-04    7.724745364641867D-06    2.745884777175694D-06
   -4.914996734905781D-07   -6.067179574935737D-07   -1.000653750926324D-05
   -5.233930744569219D-06    4.366498321828024D-06    2.812013397436991D-06
   -2.635658895509133D-06    6.447004113588436D-06    1.832846495189861D-05
   -2.649584620162752D-01   -1.279912403859071D-02   -4.235238555470355D-03
   -4.123256442576898D-01   -1.991756083420668D-02   -6.595307606468722D-03
    1.653612236719409D-03   -9.867294419145212D-04   -1.680107371427868D-04
   -2.099424042559803D-02    8.851326517014196D-05   -1.251166068658588D-06
    6.255868662103203D-07    1.298179556980477D-05    5.937987494698587D-01
    2.867240990389782D-02    9.499501170451050D-03    6.063479875276901D-01
    2.927614439919924D-02    9.704075950856228D-03    1.664231645101133D-03
   -9.948599567995012D-04   -1.692575684724268D-04   -2.113084423834809D-02
    8.954137638336375D-05   -3.846006001312768D-06   -3.057377194438206D-06
   -9.794354385922961D-06   -1.056770951337492D-05   -1.583726520280311D-06
    7.834370368829476D-07   -4.504420393935540D-06   -8.197693569229693D-06
   -9.943076649253031D-02    1.469802589703021D-01    1.604191430938911D+00
   -1.604226176550611D-03   -1.037316740230235D-02    1.326091938049613D-01
   -4.299267280362483D-03   -2.784748714672323D-02    3.560286922664375D-01
    3.409822802081555D-04   -1.235887825132935D-03    2.077007638442708D-03
   -8.562900919432006D-05    1.659550715083314D-03   -3.154993284770433D-02
    6.822752327930580D-02    5.670766720593675D-01    1.633434430410521D-03
    1.043601881876164D-02   -1.336475701196087D-01    7.113637577566004D-03
    4.556056085824657D-02   -5.833136381300504D-01    7.885909813318319D-04
   -1.886614569215349D-03    2.712322263692344D-03   -4.221377724200854D-05
    3.915919669960473D-03   -7.171935605498626D-02   -1.001328409923058D+00
   -7.172500879999295D-02   -1.001383964951923D+00   -1.465162060346751D-02
   -5.642346076329215D-01   -1.465579989180856D-02   -5.642930184790655D-01
    5.572345247728933D-06   -8.648594124582311D-06   -8.665510118095183D-05
    1.281305334015779D-02   -2.585277221941931D-01   -2.005835801634040D-02
    3.358645066142234D-02   -6.776193803778086D-01   -5.257259956123399D-02
   -2.847886192625811D-04    3.385020304917741D-02    1.320818531593739D-03
   -1.719495124457282D-03    1.341387071799631D-03   -3.808362721551167D-06
    5.479923963782834D-06    4.769823838044805D-05    1.194954519820038D-02
   -2.412948214232593D-01   -1.870963906865270D-02    3.242430769621646D-02
   -6.548585575795429D-01   -5.077540085036530D-02    2.545519834636995D-04
   -3.015936478268466D-02   -1.176629030712517D-03    1.532273329655209D-03
   -1.195064940780955D-03    9.247299361597021D-02    1.074975563297251D+00
   -9.246510625439851D-02   -1.074872656752005D+00    5.982765221045361D-02
    8.830535208739488D-01   -5.983138003227374D-02   -8.831058161077254D-01
   -6.214759249013561D-02    9.982862406930006D-02    9.033236738440540D-01
   -1.947234966455800D-04   -1.310081585144127D-03    1.666663426305908D-02
    6.876008462009899D-04    4.255791796897445D-03   -5.465220971004554D-02
   -8.378454120836776D-04    1.533935773170228D-03   -1.868762937921724D-03
   -3.048841515714193D-05   -4.201386805640303D-03    1.245778401386206D-01
   -1.847546042691604D-01   -2.043282324439267D+00   -1.443954192374271D-03
   -9.271787072518330D-03    1.184904973835783D-01   -4.489082613564441D-03
   -2.880355927128253D-02    3.680847992050286D-01   -4.374893986020840D-04
   -1.630990700699055D-04    1.089362059224442D-03   -1.693751043429821D-04
   -2.273519241474572D-03   -3.674124757900443D-02   -4.993755140334326D-01
   -3.674716861943284D-02   -4.994414502568889D-01    7.086759292280019D-02
    1.315848544973468D+00    7.086273316844911D-02    1.315754397135563D+00
   -7.673069817144698D-07   -4.335177994323316D-07    2.912099762348307D-05
    1.179723497931660D-02   -2.380983077310520D-01   -1.846355843360246D-02
    5.459833102933451D-02   -1.102021143184962D+00   -8.547724067718696D-02
    1.837480375370295D-04   -2.191714171358224D-02   -8.550153981376425D-04
    1.112901278561723D-03   -8.685988106281774D-04    5.892503677327991D-07
    3.990688305051307D-08   -3.051585867937261D-05   -1.461810690786006D-02
    2.951934357263661D-01    2.289455511108338D-02   -8.141785221379259D-02
    1.643778880173445D+00    1.274668950414943D-01   -1.082560230874107D-05
    1.455729316758303D-03    5.666679565386132D-05   -7.355570125672518D-05
    5.761390513394300D-05   -9.308116372499158D-03    1.084902289516657D+00
    9.306089725388317D-03   -1.084925812597386D+00   -1.858781032255285D-02
   -1.625963154985485D+00    1.858974351494940D-02    1.625993059269549D+00
   -5.271548387092242D-02    3.217717924635898D-02    2.030672717251572D+00
    3.719424052408595D-03    2.382690875430356D-02   -3.048110781278249D-01
    2.201342018914781D-02    1.407299643474561D-01   -1.800547816133556D+00
   -1.265739075908501D-03   -1.852347550057428D-03    6.118721337868045D-03
   -7.136197960008456D-04   -6.684229519952768D-03    6.119199080003036D-02
    3.617680506534775D-02   -2.348875302116060D+00    8.493399371680794D-04
    5.462987972979018D-03   -6.986802237255443D-02    3.138479326067468D-02
    2.003687305610523D-01   -2.563419215278692D+00    1.731835284993029D-03
   -5.284718373415946D-03    8.408746323243595D-03   -2.802797645551513D-04
    8.509649201541918D-03    4.075217324982293D-02    6.824735629876414D-01
    4.075391963018673D-02    6.824643995156031D-01   -5.180311023333001D-02
   -2.777330718050092D-01   -5.180868793485677D-02   -2.776872348198834D-01
   -1.723199754783644D-05    2.234045512638255D-05    1.020958409891696D-04
   -2.154837489948650D-01   -1.041768342332339D-02   -3.406696791658007D-03
   -3.353135072958930D-03   -1.216186520625843D-04   -5.132051853576755D-04
   -6.375257857602842D-03    3.813409732199203D-03    6.340379102225087D-04
    8.092341586244077D-02   -3.483072096261878D-04    8.446190874626931D-06
   -1.524239349626798D-04   -2.446783453886240D-04   -9.937704281736808D-01
   -4.797173518065897D-02   -1.619369552429304D-02    1.129696217163568D+00
    5.456061554531749D-02    1.819815564540274D-02    3.519965107094704D-03
   -2.100866186628126D-03   -3.579920848766214D-04   -4.469769158459298D-02
    1.855339116943948D-04    2.946654254161239D-05    6.281293945425558D-05
    4.140246365922502D-05    4.487130846499198D-05    2.029145028594344D-05
   -2.483244123005157D-06    3.303048203017377D-05    7.973383969766547D-06
   -5.103199376584871D-02    4.727053135499755D-02    3.153911543075574D-01
   -9.958060296126339D-04   -6.788851143084461D-03    8.663792987701036D-02
    1.743029226901358D-02    1.114073949110096D-01   -1.424978589390633D+00
   -3.875560709459635D-03    2.439988213218486D-02   -4.585411382243270D-02
    2.620686031991928D-03   -1.800868499827164D-02    2.655405743655389D-02
   -4.617563126049608D-01   -7.553846903293921D-01    1.121442219334816D-02
    6.939608298365448D-02   -8.892701365044514D-01   -3.754123157189956D-03
   -2.128309984874308D-02    2.757904528489348D-01   -1.840127479823005D-03
    1.226536468555875D-04    2.914966253686659D-03   -5.781459475510750D-04
   -9.484923471136863D-03    1.013793863227226D-01    2.261850646316814D-01
    1.015675104369235D-01    2.260914906734043D-01    6.453277343516874D-02
   -1.742556040474382D-02    6.472711070218982D-02   -1.733672778743278D-02
    1.122748634304248D-05   -1.939829403998508D-05   -4.278454394123506D-05
    3.917705962237550D-03   -7.914678492115265D-02   -6.155688377209211D-03
   -4.269707343904116D-03    8.598000734607636D-02    6.996530464650794D-03
    8.453216742996079D-04   -1.011885508769557D-01   -3.937274234441546D-03
    5.138039534043875D-03   -4.004418194180388D-03   -6.538402250478657D-06
    7.726891710450789D-05    2.170626657389901D-04    2.636316834321870D-02
   -5.319640232230717D-01   -4.104617115888097D-02   -6.653959093155039D-02
    1.343187961773312D+00    1.040620064266055D-01   -1.097140180502507D-03
    1.306849925306344D-01    5.097389311933967D-03   -6.637382288067858D-03
    5.181440604808967D-03   -3.786388103165311D-01    1.288217029019882D-01
    3.785735177769429D-01   -1.289145495569103D-01   -4.442343491517413D-01
   -2.351398279628403D-01    4.441747861414435D-01    2.351256622801507D-01
    2.728290936975857D-03   -2.365858423027454D-01    9.286216527618922D-02
   -2.087628372096862D-03   -1.344894632612186D-02    1.720311896902633D-01
   -1.194765121635279D-03   -7.627465279475183D-03    9.770312387036365D-02
    6.522607927114172D-03   -8.933134728190112D-04   -9.127099590833436D-03
    2.001781174720948D-03    3.360018721603248D-02   -4.814899810057599D-02
   -1.046078471092207D+00    2.022362063047301D+00   -9.503926623964088D-04
   -5.966510790557410D-03    7.658532239562528D-02    4.200329422100021D-03
    2.678447968500001D-02   -3.435452584887373D-01    1.618460522728303D-02
   -8.930549955906125D-03   -8.262362013102348D-03    3.893096727975209D-03
    8.284241928647186D-02   -1.709033359614082D-01   -3.194309621002688D-02
   -1.709220373429184D-01   -3.193650411036460D-02   -5.841592584609973D-01
   -1.877240960741665D-01   -5.841850519604985D-01   -1.877650773520913D-01
    5.516658151366844D-05   -1.837780165294406D-04    4.365862803563369D-04
   -9.601577082891295D-01   -4.641959216383655D-02   -1.493502906616631D-02
    1.278134401802166D+00    6.182813354087289D-02    1.931057625207934D-02
   -2.166884457138600D-03    1.290204637354495D-03    2.425747363064792D-04
    2.730147090023196D-02   -1.979076590280301D-04   -6.202529165934090D-05
    2.402872328898059D-04   -9.810842763179389D-04    2.618456009213279D-01
    1.261477494092042D-02    4.490664415685719D-03   -6.627770287416906D-01
   -3.194395801869527D-02   -1.125858330938220D-02    4.257715774648403D-03
   -2.528042699773876D-03   -4.745769008501667D-04   -5.403597845708439D-02
    2.366992274278644D-04    6.302054939296727D-04   -1.105135600187863D-04
    6.158195440737741D-04   -9.819923047657978D-05   -1.672347179206548D-04
    9.094651640738331D-05   -1.782266141619694D-04    1.200158018094553D-04
   -5.976089443678782D-02    1.991643849321445D-01   -4.299025516421977D-01
    4.334843174759150D-03    3.351609437382481D-02   -4.292839245023568D-01
   -1.346370943285303D-02   -9.408538192007576D-02    1.204253295850151D+00
    1.748473381182584D-02   -3.063986976681676D-03   -2.304115511740025D-02
    5.278198480953243D-03    9.000052243674303D-02    6.254816287304800D-02
   -2.606089933012006D-01    1.044379970200309D+00    3.825975859300697D-03
    2.293165492103594D-02   -2.933610203745454D-01   -8.732653608348703D-03
   -5.165851370097703D-02    6.607625914552565D-01   -9.969738634900954D-04
   -1.855919906582143D-02    4.152617479710655D-02   -3.353959137767467D-03
   -6.701462126886743D-03   -6.682309244267934D-01    9.239350133092032D-02
   -6.682341133369470D-01    9.238487899166151D-02    1.755968944224328D-01
   -1.146938564709412D-01    1.755800211089283D-01   -1.146614214331939D-01
    5.043361255756553D-09    4.404815259880088D-06    1.570067032644709D-05
    1.038527932653715D-02   -2.093387970186862D-01   -1.623009065526134D-02
    9.323624693279641D-03   -1.886523888047276D-01   -1.465497140329109D-02
   -1.498872687535927D-03    1.793135451303807D-01    6.996340471071240D-03
   -9.108496480749921D-03    7.104151444098015D-03   -6.555403354861051D-07
    1.334652119582248D-05   -4.661488098457552D-05    4.780524105080782D-02
   -9.652830370711584D-01   -7.486176430549635D-02   -1.168986765897113D-01
    2.360371551257122D+00    1.830226100582107D-01    1.353548820121741D-03
   -1.606353520920554D-01   -6.266726939224374D-03    8.160412550718043D-03
   -6.363712036737247D-03    2.998802564157356D-01   -4.762450298474037D-01
   -2.998749917906270D-01    4.762594509887109D-01    3.750332229479049D-01
   -1.677968084418002D+00   -3.750527540515183D-01    1.677988493444792D+00
   -3.043712538351715D-02    2.994059760099640D-01    2.202604107487827D-01
   -4.953979154352226D-03   -3.179974509697384D-02    4.065148326021897D-01
    1.086373827891438D-02    6.959295446250909D-02   -8.898104267610608D-01
    7.786087856236209D-03   -1.807338709852602D-02    2.560385084757201D-02
   -3.468692123381943D-04    3.869309023379779D-02   -3.796525728351947D-02
    1.473116980886015D+00   -3.425040359245172D+00    4.422214214183270D-03
    2.832969829180051D-02   -3.622448283764647D-01   -1.093375644339264D-03
   -7.162007025657340D-03    9.108688805403728D-02    8.256587584161252D-03
   -4.347309466009484D-03   -4.652104317881719D-03    2.021747470354416D-03
    4.228010469506716D-02   -3.140145181440340D-01    5.233552053678918D-01
   -3.140278711582141D-01    5.233983426041446D-01   -4.286319261643309D-01
    1.139084877500970D+00   -4.286054653999170D-01    1.139008361636856D+00
    7.421196822012912D-07   -4.359143137167571D-06   -2.933381560362792D-05
    4.987867719851926D-02   -1.006604422293484D+00   -7.809958245096316D-02
   -8.863902326075181D-02    1.788832203162900D+00    1.388026180602493D-01
   -5.851717716260084D-04    7.006688074068691D-02    2.732467737125312D-03
   -3.561496168418044D-03    2.775832912718823D-03    2.292328497325002D-06
   -3.313772891649709D-05    1.113262335181991D-04   -1.810171265808028D-02
    3.654941384714160D-01    2.834156310527883D-02    5.135897629245163D-02
   -1.036856420117049D+00   -8.038179745244235D-02   -2.341071512025391D-05
    2.442230369824189D-03    9.694152881704178D-05   -1.219270814994121D-04
    9.526623468383277D-05    3.306133675513447D-01   -1.193733659326965D+00
   -3.305970388508125D-01    1.193692449688142D+00   -2.926225286466060D-01
    7.519415470271064D-01    2.926437474116125D-01   -7.519927315941258D-01
   -3.824555832430405D-02    2.342905148388874D-01    4.474041224502419D-01
   -9.564914585607237D-03   -6.134906205591958D-02    7.846993831731384D-01
    2.224656020012771D-02    1.425007760375705D-01   -1.822867650965340D+00
    8.732370953861994D-03   -1.808337578166334D-02    2.402493363678111D-02
   -4.299560295338666D-05    4.358283378236663D-02    1.576183425976680D-03
   -4.128116482228674D-01   -4.945505776416610D-01   -5.765544442616410D-03
   -3.685759012215337D-02    4.716236648489079D-01    1.918347473363746D-02
    1.225104847580406D-01   -1.567541696903744D+00   -1.134816910212452D-02
    3.229747252415741D-02   -5.010365602062813D-02    1.463714391026542D-03
   -5.593786295061432D-02   -3.556058192938889D-01    9.374609632317267D-01
   -3.556169772422558D-01    9.374915044791911D-01    3.823419220949182D-01
   -8.156641034534026D-01    3.823446801180826D-01   -8.156702482443727D-01
    2.432174851561975D-03    1.873727930536930D+00   -4.910734404349189D+00
    6.815260334625000D-04    4.296988838861057D-03   -5.468502089375842D-02
   -1.485470091046522D-02   -9.476737266243040D-02    1.210916766055938D+00
   -1.419346521087663D-02    4.671330884906254D-03    1.402149917458693D-02
   -3.900061985609410D-03   -7.284078250269557D-02   -7.247054682958888D-03
   -5.535489400248296D-01    3.374886055523416D+00   -5.666906672163432D-04
   -3.683333653004313D-03    4.719544123843239D-02   -1.829640815300988D-02
   -1.166631215538455D-01    1.493939183840894D+00    7.662460401916643D-03
   -3.080904889808895D-02    5.315213682031653D-02   -2.446855315148919D-03
    3.706208932537660D-02    1.521018314610576D-01    3.963710232602612D-01
    1.520424865404691D-01    3.963167878355837D-01   -9.584057517811209D-02
   -1.882976411598003D-01   -9.577661739850962D-02   -1.882501769222666D-01
   -2.128262759233340D-06   -9.231948328936993D-05    3.119242427320536D-04
   -2.164809613455013D-02    4.364634925999111D-01    3.385340232332547D-02
    1.346476854137145D-01   -2.717644876411690D+00   -2.109203411300356D-01
   -1.826202608756308D-03    2.538438408422788D-01    9.901849923721858D-03
   -1.294975047274219D-02    1.005134083141548D-02    8.498225451093775D-07
    1.160648622720702D-05   -2.394045416915003D-04   -3.230976353709602D-03
    6.459111694454440D-02    4.990608442874914D-03   -1.282247943322321D-01
    2.588959686331208D+00    2.006338184038106D-01   -8.227608034954103D-04
    1.247600311101970D-01    4.863749042073643D-03   -6.239969691641997D-03
    4.926905997635018D-03    6.822821286609214D-01    5.933322196334569D-01
   -6.822909524181751D-01   -5.933320298378164D-01   -6.596965245865742D-01
   -8.402970343552765D-01    6.597014148647667D-01    8.402984385704430D-01
   -1.339415154949869D-06   -4.819475015491552D-05    1.454273251442869D-04
    1.748109930050706D-01    8.498896058629222D-03    2.807731876042287D-03
    5.635476959752650D-03   -9.018422844492426D-05    1.646963677005610D-05
   -4.786040031448205D-02    2.863582192503298D-02    4.869548002726706D-03
    6.077584495455391D-01   -2.548604198941615D-03    1.349562413960745D-06
    1.879909593653935D-05   -1.243883018636251D-04    2.111243717155203D-01
    1.020686193031188D-02    3.378372306630124D-03   -8.525737528456832D-02
   -3.756391392953775D-03   -1.381341033124619D-03    4.808065516483929D-02
   -2.870062302908456D-02   -4.889669055416567D-03   -6.103424975142178D-01
    2.583018451365323D-03    7.348586162450190D-05    7.922315229522821D-05
   -1.107663888975763D-04   -7.923316150675214D-05   -7.960423203349129D-05
   -1.103556238612036D-04    1.049402974700577D-04    1.251217597480520D-04
    4.599374188149631D-07    2.078667414701112D-05   -5.912151306627677D-05
    7.789342475893891D-06   -1.902612019846487D-04   -1.436600329112941D-05
   -5.789723992008681D-05    1.167564862618208D-03    9.772632055931873D-05
    6.643776883536673D-01    1.299720105266615D-02    4.073815990987700D-04
    5.112242353771462D-02   -3.259135219948303D-02   -6.590070368115323D-07
   -1.112384382158230D-05    5.017679344276313D-05   -2.100455200739645D-07
   -3.431771057097720D-05   -1.113292089951376D-06    5.796861344916251D-05
   -1.154848922520166D-03   -8.004624666559691D-05    6.764896611200468D-01
    1.336150999788265D-02    4.202333730051095D-04    5.206017201724738D-02
   -3.316931174856490D-02   -2.703541431329387D-04   -2.675431383953425D-04
    2.838922720777615D-04    2.802796748117236D-04    2.877178855532764D-04
    3.869238121334594D-04   -2.976868143880933D-04   -4.024102449224570D-04
   -1.718734556340679D-06   -2.625179441045272D-05    5.983592830742133D-05
    2.053295151287747D-06   -4.141535628670640D-05   -6.952712649060051D-07
   -2.261146669534633D-06    2.316460244102715D-05    4.311262031248365D-05
    7.428644791179526D-01    1.457465956492150D-02    4.587816993303529D-04
    5.716659369508542D-02   -3.647258993193069D-02   -2.903498581958892D-06
   -2.138747761829647D-05    7.886839796763835D-05    2.850231065437868D-06
   -5.485342732244900D-05   -1.203557719432044D-05    6.025773055004403D-06
   -1.088377914219398D-04   -2.215576731869564D-05   -7.318682684355057D-01
   -1.438687531816551D-02   -4.489236283425599D-04   -5.631830206233032D-02
    3.584775610199101D-02    6.600201377909819D-06   -2.958050764195285D-05
   -8.871552046246929D-05    1.117480141519108D-06    5.955969646640341D-05
    2.175003081743247D-06   -1.385691329965000D-04   -2.372831668496582D-05
    1.662228155301891D-02    2.716854029633305D-01   -5.702702087597636D-01
    6.965183875692483D-04    4.454468816020396D-03   -5.703759109779696D-02
    4.406985679336409D-03    2.850102913115684D-02   -3.646052274362684D-01
    6.200952694896852D-02   -3.496134093426642D-02   -2.987255869612488D-02
    1.476161824417898D-02    3.168022821590581D-01    3.172565071966030D-02
    2.209007598670719D-01   -7.521383602797642D-01   -1.211513528553840D-03
   -7.746450120435146D-03    9.903325232832884D-02   -1.298068086322757D-03
   -8.466445766118130D-03    1.084922280966210D-01    7.597375747787945D-02
   -4.182616221936045D-02   -3.906769306631938D-02    1.833300892405961D-02
    3.892663826516974D-01    4.142262800388145D-01    1.212537223992311D-01
    4.142243265236589D-01    1.212603507574753D-01    4.183308572893433D-01
    7.772407110766855D-02    4.183257048913843D-01    7.773830903181206D-02
    3.624380426737001D-07   -2.469004371645413D-05    2.987243967931249D-05
    5.609870696433418D-03   -1.132441160471815D-01   -8.767407883951169D-03
    4.620454269058687D-02   -9.322909931008639D-01   -7.236789850592890D-02
    4.433772230448458D-03   -5.486006980724378D-01   -2.139716156309913D-02
    2.784757089303389D-02   -2.172287325333640D-02   -1.421557668819975D-06
   -2.968382019057295D-05   -1.770964899179315D-05    1.426671418800434D-02
   -2.880404501546167D-01   -2.235334949134322D-02   -1.616978916240532D-02
    3.262393377465209D-01    2.529727375958424D-02   -6.691646661424745D-03
    8.066340758409630D-01    3.147563272971515D-02   -4.097852679777290D-02
    3.194827174863342D-02    6.266411410975841D-01    1.481337163873291D-01
   -6.266127442399386D-01   -1.481271310586694D-01    4.767400791128843D-01
   -3.248712372135975D-01   -4.767382511670591D-01    3.248648855608784D-01
    2.053933634017263D-02   -5.487291338042881D-01    1.507185035759263D-01
   -5.438378569179057D-03   -3.469845513471825D-02    4.440163379139079D-01
    8.159266339203589D-03    5.233600966649162D-02   -6.692106389958964D-01
    2.786793828666153D-02   -9.429206336660662D-02    1.552352029965622D-01
   -5.964976768111364D-03    1.360776945797058D-01   -3.049864654540425D-02
   -4.942946428749411D-01    9.200692437756913D-02    2.546845229637990D-03
    1.624922000345836D-02   -2.077497196614103D-01   -3.642467020873888D-03
   -2.338110787715639D-02    2.989929471577527D-01    5.387748919514341D-03
   -1.139370260805797D-01    2.353608020512016D-01   -1.648827673885451D-02
    1.849059371240383D-02    2.296487625163579D-01    1.939647681693378D-03
    2.297053920672295D-01    1.934841727180371D-03    1.357462780840945D-01
   -5.678853211633050D-02    1.357891154359281D-01   -5.682021550995143D-02
    3.002364650348578D-02    5.369190692388738D-01   -1.495255302838304D+00
    1.935605117495512D-03    1.247340501837875D-02   -1.596255693139274D-01
   -1.931038765875077D-03   -1.149804477753075D-02    1.478790937165061D-01
    8.336770551054046D-02   -6.186664896042405D-02   -8.416223228815287D-03
    1.766032831493429D-02    4.253180042699884D-01   -2.841067662396078D-02
   -1.533664761868273D-01    1.085793928371676D+00    3.969414245562459D-04
    2.352255003826690D-03   -3.006309499165761D-02   -2.289404898067938D-03
   -1.512279980773752D-02    1.928142545607350D-01   -7.353572799741860D-02
    7.750092083623218D-02   -4.178482282656835D-02   -1.152625278118119D-02
   -3.732330696825439D-01    5.510364861551538D-01    2.741844564468509D-03
    5.510883129739472D-01    2.765340412617531D-03   -4.335305526301508D-01
    4.017219278000798D-03   -4.335465075633901D-01    3.973839572649032D-03
   -7.960876037686948D-06   -1.014846115434137D-04    3.336772648042470D-04
   -6.000597066265491D-02   -2.901721055991080D-03   -9.379773362824201D-04
   -3.707241399242696D-01   -1.791460493060637D-02   -5.951550160622435D-03
   -7.383479588045384D-02    4.411187424475893D-02    7.503628585899140D-03
    9.371172945575784D-01   -4.067913849662309D-03    6.534986282643031D-06
    4.719472002079844D-05   -2.386398984016857D-04    1.675696539197626D-01
    8.088778892023692D-03    2.692551306015116D-03    2.832687216932453D-01
    1.369307221955183D-02    4.476068802731503D-03   -7.398509225463547D-02
    4.420740915737634D-02    7.527432873677803D-03    9.394786818498845D-01
   -3.907414219751220D-03   -1.403228423906794D-04    9.113639579586292D-06
   -1.559046599670879D-04    9.334045475159555D-06    8.423361100537893D-05
   -5.334566040423184D-06    6.703430711291796D-05    1.073820880045241D-05
   -8.063692440092148D-02   -1.420866524364215D-01    2.598958518823783D+00
    6.467022839195984D-03    4.128030370728417D-02   -5.279921566051479D-01
    2.102828911755378D-02    1.342203199101629D-01   -1.718461152391390D+00
    1.289609148315056D-03   -1.718038797269125D-01    3.662410953872055D-01
   -2.714379412706929D-02   -7.476620455869121D-03    3.602745623207571D-02
   -7.013626005871536D-01   -2.150056221288829D+00    1.247018500441302D-02
    7.958820202733977D-02   -1.018530525626659D+00    1.487986820957273D-02
    9.511743906928030D-02   -1.215757410719306D+00    2.884273316397030D-03
    1.321187426952819D-01   -2.887542140251564D-01    2.220201373094944D-02
    2.576260230898053D-02   -6.578510136425522D-03    1.697775344186747D-01
   -6.751372239152268D-03    1.697744526487018D-01    2.565644340432899D-02
   -2.702087800656084D-02    2.576995849188657D-02   -2.697705075946026D-02
    1.155671004282755D-05    1.573543201695249D-05   -3.462624397563695D-04
   -3.647362861648396D-03    7.362391943310573D-02    5.787133449771969D-03
    3.449389514679601D-02   -6.962419010433571D-01   -5.379292904619098D-02
    9.191334092345321D-03   -1.100309774576730D+00   -4.298206756607643D-02
    5.590245466887542D-02   -4.359413787110584D-02   -5.488765640300033D-06
    9.771707681562965D-05    2.757204125592571D-04    6.684627865865964D-03
   -1.349346948072524D-01   -1.032221475660268D-02   -3.251486787065767D-02
    6.563854521270708D-01    5.104986752381079D-02    7.408649222095873D-03
   -8.797308281466908D-01   -3.427830806328429D-02    4.468283148834071D-02
   -3.486153835716454D-02    6.633622261866862D-01   -2.508023590533926D-02
   -6.633382913383558D-01    2.504401247427370D-02   -4.079066793090396D-01
   -1.346705886687705D-01    4.078877687145319D-01    1.346751981386902D-01
orbocc
(1p3d25.15)                             
    2.000000000000000D+00    2.000000000000000D+00    2.000000000000000D+00
    2.000000000000000D+00    2.000000000000000D+00    2.000000000000000D+00
    1.000000000000000D+00    1.000000000000000D+00    1.000000000000000D+00
    0.000000000000000D+00    0.000000000000000D+00    0.000000000000000D+00
    0.000000000000000D+00    0.000000000000000D+00    0.000000000000000D+00
    0.000000000000000D+00    0.000000000000000D+00    0.000000000000000D+00
    0.000000000000000D+00    0.000000000000000D+00    0.000000000000000D+00
    0.000000000000000D+00    0.000000000000000D+00    0.000000000000000D+00
    0.000000000000000D+00    0.000000000000000D+00    0.000000000000000D+00
    0.000000000000000D+00    0.000000000000000D+00    0.000000000000000D+00
    0.000000000000000D+00    0.000000000000000D+00    0.000000000000000D+00
    0.000000000000000D+00    0.000000000000000D+00    0.000000000000000D+00
