 4 compact or full orbital order
 (3d25.12)
                    36
      -0.158952083597D+02       0.200000000000D+01
      -0.115848880946D+02       0.200000000000D+01
      -0.154494869994D+01       0.200000000000D+01
      -0.117427494479D+01       0.200000000000D+01
      -0.101690872522D+01       0.200000000000D+01
      -0.966129807568D+00       0.200000000000D+01
      -0.793981172942D+00       0.166575124805D+01
      -0.708851179584D+00       0.163269252547D+01
      -0.263766421502D+00       0.701556226483D+00
      -0.179358253294D-01       0.000000000000D+00
       0.200878097488D-01       0.000000000000D+00
       0.422341016817D-01       0.000000000000D+00
       0.133257003879D+00       0.000000000000D+00
       0.202236449114D+00       0.000000000000D+00
       0.498767665922D+00       0.000000000000D+00
       0.505751504149D+00       0.000000000000D+00
       0.516207746063D+00       0.000000000000D+00
       0.592634372373D+00       0.000000000000D+00
       0.704575136790D+00       0.000000000000D+00
       0.707309894671D+00       0.000000000000D+00
       0.798749028258D+00       0.000000000000D+00
       0.904202283863D+00       0.000000000000D+00
       0.917077451820D+00       0.000000000000D+00
       0.928303527934D+00       0.000000000000D+00
       0.124394718801D+01       0.000000000000D+00
       0.134498532092D+01       0.000000000000D+00
       0.141826192041D+01       0.000000000000D+00
       0.146563026303D+01       0.000000000000D+00
       0.180532547024D+01       0.000000000000D+00
       0.189364870226D+01       0.000000000000D+00
       0.205576426092D+01       0.000000000000D+00
       0.220710231962D+01       0.000000000000D+00
       0.238568544425D+01       0.000000000000D+00
       0.243782256345D+01       0.000000000000D+00
       0.275292916003D+01       0.000000000000D+00
       0.279283412603D+01       0.000000000000D+00
