 2mocoef
header
                     3
NO-coefficients from mcscf.x                                                    
 total ao core energy =   38.588704248                                          
MCSCF energy =     -94.155328507                                                
                     1
                    36                    36
 A  
mocoef
(1p3d25.15)                             
    9.959531432219617D-01    2.394583756362666D-02   -1.248135180803754D-02
    1.051860014837493D-05    6.634908546814164D-05   -8.489928172213514D-04
   -1.868242704952725D-05   -1.182089154161623D-04    1.513124844966073D-03
   -1.879963364951278D-06   -4.341349467407055D-05    9.638963454740833D-05
   -7.583683414105314D-06   -1.326952794347003D-05    9.641812021343071D-05
   -6.758927876284024D-04    4.730480916456472D-03    6.236705601346137D-06
    3.974464225812897D-05   -5.084366353231189D-04   -2.761916934013534D-05
   -1.765780572030547D-04    2.258563532762174D-03   -5.679435439057106D-06
    9.818579844051180D-05   -2.011154415307536D-04    1.391298072841990D-05
   -2.125769731026991D-05   -1.556892843461022D-05    1.777588623284640D-03
   -1.553158719947248D-05    1.777623286600364D-03   -2.205390349568148D-04
   -1.248111810220693D-04   -2.205521436524074D-04   -1.248720753658551D-04
   -3.281133439395458D-04   -1.463857165845009D-04   -1.870691845167053D-04
   -5.408493239607833D-06   -3.463552682611051D-05    4.430899659021768D-04
   -1.088991521052875D-05   -6.941173064828415D-05    8.889141949926994D-04
    9.174437596173207D-06    8.623162533174293D-05   -2.006342093025055D-04
    1.687316409059037D-05    5.446885511060188D-05    9.960845313125215D-01
    2.405894522320592D-02   -9.579131604855259D-03   -1.701543392938401D-05
   -1.086067429814065D-04    1.389421402884386D-03   -1.141489210202938D-05
   -7.321200324179151D-05    9.364524208006352D-04   -3.601534718212697D-05
   -9.002045856146805D-05    2.542271492894506D-04   -2.630123201377558D-05
   -1.933783615822417D-04   -4.103067181264981D-06    6.285581229844801D-05
   -4.070085473718773D-06    6.291285249647990D-05   -4.052207169645247D-04
    2.577042368484518D-03   -4.052224731789510D-04    2.577013924531035D-03
   -1.917164554666208D-01    4.032648846749282D-01    4.077529560850418D-01
    1.005935089274860D-03    6.381491682119719D-03   -8.165938013616612D-02
    3.422331742629629D-04    2.157676016774948D-03   -2.761681242718569D-02
   -1.633803565732905D-03   -3.009640993813778D-04    3.413787265376618D-03
   -5.849363700204494D-04   -8.457273030580024D-03   -1.100558200394698D-01
    2.237552290735521D-01    6.682812125503644D-02   -1.835044656365909D-03
   -1.172362639386989D-02    1.499895641835975D-01    1.939835252307861D-04
    1.236454302014338D-03   -1.581972685395743D-02   -5.837598884073273D-04
   -2.798289523218572D-03    6.995446936866444D-03   -6.412681719762381D-04
   -3.244458923420211D-03    9.454654082251622D-02   -1.127360041508000D-02
    9.454768380813847D-02   -1.127397637020365D-02    3.745020435793632D-02
   -1.265583461211110D-03    3.745081365996415D-02   -1.265293067728745D-03
   -7.869516498340591D-02    1.669369170650406D-01    2.643659849671406D-01
   -3.533521713972534D-03   -2.264098648350819D-02    2.896960007120881D-01
   -1.540700828212717D-03   -9.884421190400632D-03    1.264821122810408D-01
   -1.737390728216053D-03    3.059748154678216D-03   -3.623771042651398D-03
   -7.804753100814051D-05   -8.715073948967016D-03    1.616487683740817D-01
   -3.416588533523166D-01   -3.022609836265074D-01   -5.200995559764007D-04
   -3.348166672903974D-03    4.284816698277810D-02   -3.592533440890765D-04
   -2.297832129237206D-03    2.939926386786990D-02    2.101918138749041D-03
   -1.391263482487056D-03   -5.747460096419222D-04    4.682609382251819D-04
    1.073985718627440D-02    1.273935751104942D-01    1.119131076051161D-02
    1.273900811694925D-01    1.119136689374581D-02   -1.342951445765070D-01
   -2.292929198678781D-02   -1.342949708073076D-01   -2.292918095096811D-02
   -3.648383852528568D-07    1.108147477343474D-06    8.898284017512888D-07
   -2.373431264531349D-02    4.789220331743522D-01    3.714814158786801D-02
   -1.557116017681719D-02    3.141955245647436D-01    2.437161020792831D-02
   -1.618582169560357D-04    1.980443317286375D-02    7.728825386273745D-04
   -1.005834214208419D-03    7.848053005399376D-04   -1.985862765341186D-06
    4.614592419552206D-06    6.898896201171587D-06   -8.374600005925279D-03
    1.690129263422764D-01    1.310154685199705D-02   -1.021454231152631D-03
    2.060819506976657D-02    1.596507234405039D-03   -1.053215425931837D-04
    1.250220499633013D-02    4.876738704769965D-04   -6.355544201846462D-04
    4.952869564727334D-04    2.080552846278543D-01    3.654972997991870D-02
   -2.080553645560653D-01   -3.655069141883864D-02    5.689159855436897D-02
    2.272965166153793D-02   -5.688584983826379D-02   -2.272851158975412D-02
    1.061791250620084D-02   -2.598227183606508D-02   -9.119292589524975D-03
   -4.806956463155724D-03   -3.082754752897416D-02    3.943131493096984D-01
   -2.595722791827126D-03   -1.666791088869584D-02    2.131852869505651D-01
   -1.239744503467450D-03    2.690547792547093D-03   -3.675217642899752D-03
    2.631615991586558D-05   -6.177013173191991D-03   -4.033241661806217D-02
    7.670834786056943D-02    2.137160496343382D-01    5.184468384612393D-03
    3.309141290765264D-02   -4.234214824867726D-01    1.182484795461036D-03
    7.557175076035242D-03   -9.669507850834916D-02   -2.141629776504703D-03
    5.620931835051407D-03   -8.437526708569886D-03    1.997764101131529D-04
   -1.059634186528538D-02    1.044840786460282D-01    3.174867422164819D-02
    1.044879459071031D-01    3.174999192962782D-02    1.532299794420685D-01
    6.840449823723542D-02    1.532295534404538D-01    6.840485019118793D-02
    4.178312872153537D-07   -9.359766791671037D-07   -3.502896442559980D-06
   -8.216738253287675D-03    1.655240520032867D-01    1.283813596076536D-02
   -8.394298418382471D-03    1.692135240155631D-01    1.312503700525340D-02
   -2.317339158029706D-04    2.778565420268142D-02    1.084174121313973D-03
   -1.410803860137025D-03    1.100996010989961D-03   -1.945534586421002D-07
    3.413724771696276D-07    2.301184608597775D-06    2.264310537766916D-02
   -4.572894853274554D-01   -3.546294211406040D-02    1.380986591588465D-02
   -2.788581063298002D-01   -2.162360618673507D-02   -3.095142924186747D-04
    3.689413342867603D-02    1.439107867905269D-03   -1.874610066931637D-03
    1.461513430912534D-03    9.823572053683910D-02    4.550509787970416D-02
   -9.823684996018944D-02   -4.550608042603017D-02   -2.417662727729059D-01
   -9.679653105390007D-02    2.417686431008188D-01    9.679859430822067D-02
    5.959877612706754D-06   -1.568971290772098D-05   -1.996503929904295D-05
    5.757567585571830D-01    2.782408801516407D-02    9.199061983489812D-03
    4.519537065892465D-01    2.184216658980380D-02    7.223261493936746D-03
    1.451048043366599D-03   -8.660564355191483D-04   -1.477242180049729D-04
   -1.842324528892293D-02    7.903930264640425D-05   -1.873136025437411D-06
    4.407260466454053D-06   -1.473420651754731D-06    2.011009072835929D-01
    9.699185290419719D-03    3.232182376295322D-03    6.240653786127257D-02
    3.004882547087468D-03    1.001816669334833D-03   -2.695009988759596D-03
    1.611407026866084D-03    2.743465492996847D-04    3.421335329586465D-02
   -1.447467277649776D-04    7.724745302586651D-06    2.745884749320316D-06
   -4.914996019185758D-07   -6.067179201321626D-07   -1.000653734883194D-05
   -5.233930681325875D-06    4.366498165642487D-06    2.812013339364759D-06
   -2.635658891350686D-06    6.447004102641328D-06    1.832846493796514D-05
   -2.649584616146171D-01   -1.279912401893898D-02   -4.235238549034077D-03
   -4.123256439424017D-01   -1.991756081872281D-02   -6.595307601410421D-03
    1.653612237731379D-03   -9.867294424783322D-04   -1.680107372442692D-04
   -2.099424043845284D-02    8.851326522688300D-05   -1.251166069965643D-06
    6.255868692854911D-07    1.298179556878020D-05    5.937987496101873D-01
    2.867240990999973D-02    9.499501172654403D-03    6.063479875712474D-01
    2.927614440089027D-02    9.704075951523707D-03    1.664231643220540D-03
   -9.948599556217001D-04   -1.692575682789405D-04   -2.113084421448226D-02
    8.954137628450701D-05   -3.846005853148834D-06   -3.057377126385898D-06
   -9.794354529042345D-06   -1.056770957993629D-05   -1.583726878642038D-06
    7.834368925484063D-07   -4.504420039505076D-06   -8.197693426581776D-06
   -9.943076659283388D-02    1.469802587383949D-01    1.604191433751346D+00
   -1.604226171399810D-03   -1.037316737116930D-02    1.326091934036703D-01
   -4.299267284102177D-03   -2.784748717005197D-02    3.560286925574095D-01
    3.409822689798834D-04   -1.235887797629657D-03    2.077007598410077D-03
   -8.562900842479525D-05    1.659550659609948D-03   -3.154993255678199D-02
    6.822752265983432D-02    5.670766683528671D-01    1.633434423811038D-03
    1.043601877588986D-02   -1.336475695727422D-01    7.113637575242372D-03
    4.556056084273787D-02   -5.833136379359185D-01    7.885909758452862D-04
   -1.886614552721644D-03    2.712322237610873D-03   -4.221377642655772D-05
    3.915919642718264D-03   -7.171935582336632D-02   -1.001328411399915D+00
   -7.172500856851682D-02   -1.001383966430559D+00   -1.465162021323082D-02
   -5.642346053318384D-01   -1.465579950163886D-02   -5.642930161789815D-01
    5.572345255991186D-06   -8.648594086768220D-06   -8.665510145831820D-05
    1.281305337870808D-02   -2.585277229743522D-01   -2.005835807690447D-02
    3.358645079801788D-02   -6.776193831340449D-01   -5.257259977548014D-02
   -2.847886191090511D-04    3.385020302092293D-02    1.320818530486637D-03
   -1.719495123062068D-03    1.341387070677907D-03   -3.808362598112770D-06
    5.479923731818451D-06    4.769823624627399D-05    1.194954513631543D-02
   -2.412948201796516D-01   -1.870963897206442D-02    3.242430750341476D-02
   -6.548585536808681D-01   -5.077540054748777D-02    2.545519840313748D-04
   -3.015936485633482D-02   -1.176629033586552D-03    1.532273333440743D-03
   -1.195064943703158D-03    9.247299348079877D-02    1.074975566394895D+00
   -9.246510611924111D-02   -1.074872659848961D+00    5.982765196663365D-02
    8.830535167392233D-01   -5.983137978831783D-02   -8.831058119702012D-01
   -6.214759226397252D-02    9.982862370813532D-02    9.033236689481867D-01
   -1.947234929824556D-04   -1.310081562120159D-03    1.666663397024444D-02
    6.876008378796253D-04    4.255791745853540D-03   -5.465220905386203D-02
   -8.378454167681220D-04    1.533935797012543D-03   -1.868762981307767D-03
   -3.048841283848517D-05   -4.201386827598958D-03    1.245778401563614D-01
   -1.847546037133411D-01   -2.043282325549209D+00   -1.443954183998562D-03
   -9.271787017747795D-03    1.184904966869793D-01   -4.489082669269068D-03
   -2.880355962746704D-02    3.680848037748563D-01   -4.374893931190233D-04
   -1.630990911267448D-04    1.089362095014388D-03   -1.693751059098602D-04
   -2.273519214440799D-03   -3.674124735487092D-02   -4.993755127435738D-01
   -3.674716839517632D-02   -4.994414489658919D-01    7.086759263905011D-02
    1.315848547420895D+00    7.086273288480142D-02    1.315754399585358D+00
   -7.673069797281722D-07   -4.335177965478364D-07    2.912099787594947D-05
    1.179723495925902D-02   -2.380983073248696D-01   -1.846355840221961D-02
    5.459833090130734D-02   -1.102021140604918D+00   -8.547724047742453D-02
    1.837480382883796D-04   -2.191714181049676D-02   -8.550154019203879D-04
    1.112901283282447D-03   -8.685988144676349D-04    5.892503633478148D-07
    3.990693542494553D-08   -3.051585880417825D-05   -1.461810690713902D-02
    2.951934357110070D-01    2.289455510985226D-02   -8.141785237640753D-02
    1.643778883458571D+00    1.274668952955353D-01   -1.082560490842651D-05
    1.455729629805014D-03    5.666680787252003D-05   -7.355571698348475D-05
    5.761391753608847D-05   -9.308116920148326D-03    1.084902286101256D+00
    9.306090273063814D-03   -1.084925809181397D+00   -1.858781063381209D-02
   -1.625963158093566D+00    1.858974382614909D-02    1.625993062376976D+00
   -5.271548392922570D-02    3.217717970230791D-02    2.030672718241591D+00
    3.719424050601853D-03    2.382690874128147D-02   -3.048110779604309D-01
    2.201342020409593D-02    1.407299644450852D-01   -1.800547817378013D+00
   -1.265739075753429D-03   -1.852347579766799D-03    6.118721401288737D-03
   -7.136198008164642D-04   -6.684229521292747D-03    6.119199093934469D-02
    3.617680633048877D-02   -2.348875307526786D+00    8.493399352147280D-04
    5.462987959761088D-03   -6.986802220436052D-02    3.138479326239576D-02
    2.003687305716729D-01   -2.563419215420084D+00    1.731835275251592D-03
   -5.284718327506603D-03    8.408746241171201D-03   -2.802797604286669D-04
    8.509649155080604D-03    4.075217318808302D-02    6.824735632885450D-01
    4.075391956842811D-02    6.824643998172438D-01   -5.180310964510748D-02
   -2.777330703298992D-01   -5.180868734664417D-02   -2.776872333456160D-01
   -1.723199937636260D-05    2.234045570404001D-05    1.020958529827121D-04
   -2.154837499770900D-01   -1.041768347097102D-02   -3.406696804314715D-03
   -3.353133667184546D-03   -1.216185800836445D-04   -5.132052119078260D-04
   -6.375257863034728D-03    3.813409736280596D-03    6.340379091158234D-04
    8.092341593008119D-02   -3.483072104103527D-04    8.446191682536744D-06
   -1.524239566088342D-04   -2.446783610655246D-04   -9.937704278640545D-01
   -4.797173516316422D-02   -1.619369555044045D-02    1.129696216407560D+00
    5.456061550813872D-02    1.819815564102901D-02    3.519965129633509D-03
   -2.100866200397083D-03   -3.579920871035253D-04   -4.469769187097752D-02
    1.855339127659981D-04    2.946654550122421D-05    6.281294658000875D-05
    4.140246611184933D-05    4.487131668552836D-05    2.029145127810717D-05
   -2.483247747571274D-06    3.303048229770570D-05    7.973381532663439D-06
   -5.103199379653919D-02    4.727052998724506D-02    3.153911556551023D-01
   -9.958060264352345D-04   -6.788851175017941D-03    8.663793028583280D-02
    1.743029226408817D-02    1.114073948837363D-01   -1.424978589030088D+00
   -3.875560670396179D-03    2.439988210289964D-02   -4.585411382634183D-02
    2.620686037108601D-03   -1.800868480024106D-02    2.655405723629632D-02
   -4.617563198670630D-01   -7.553846759539533D-01    1.121442222072842D-02
    6.939608293520519D-02   -8.892701358845848D-01   -3.754123151395236D-03
   -2.128309955520055D-02    2.757904491182938D-01   -1.840127422833289D-03
    1.226536713200443D-04    2.914966105533531D-03   -5.781459233091188D-04
   -9.484923174496640D-03    1.013793850788928D-01    2.261850649086140D-01
    1.015675091956608D-01    2.260914909503512D-01    6.453277145408334D-02
   -1.742556429945228D-02    6.472710872422890D-02   -1.733673168146605D-02
    1.122748652924416D-05   -1.939829378594743D-05   -4.278454534547369D-05
    3.917705983010708D-03   -7.914678533244424D-02   -6.155688409619358D-03
   -4.269707473183555D-03    8.598000994075430D-02    6.996530670776314D-03
    8.453216735336850D-04   -1.011885507770402D-01   -3.937274230373122D-03
    5.138039528864526D-03   -4.004418190220177D-03   -6.538402271782485D-06
    7.726892094155553D-05    2.170626639367753D-04    2.636316832770727D-02
   -5.319640229271673D-01   -4.104617113299886D-02   -6.653959077854797D-02
    1.343187958705538D+00    1.040620061887723D-01   -1.097140178942479D-03
    1.306849923507972D-01    5.097389304945733D-03   -6.637382279047392D-03
    5.181440597616454D-03   -3.786388103729593D-01    1.288217012759804D-01
    3.785735178335065D-01   -1.289145479326776D-01   -4.442343494847517D-01
   -2.351398254255059D-01    4.441747864753856D-01    2.351256597451176D-01
    2.728291028297077D-03   -2.365858424061935D-01    9.286216579360364D-02
   -2.087628352899370D-03   -1.344894620194724D-02    1.720311881014428D-01
   -1.194765212450732D-03   -7.627465866426697D-03    9.770313137876153D-02
    6.522607970200990D-03   -8.933136028156100D-04   -9.127099384944867D-03
    2.001781167884712D-03    3.360018742775334D-02   -4.814899807823546D-02
   -1.046078469007387D+00    2.022362065741879D+00   -9.503927037344631D-04
   -5.966511068724661D-03    7.658532595253749D-02    4.200329449855302D-03
    2.678447988121218D-02   -3.435452609895248D-01    1.618460523266962D-02
   -8.930549983129596D-03   -8.262361963867206D-03    3.893096725475338D-03
    8.284241931276889D-02   -1.709033373742762D-01   -3.194309706483447D-02
   -1.709220387555180D-01   -3.193650496524619D-02   -5.841592587238882D-01
   -1.877240961216053D-01   -5.841850522229919D-01   -1.877650773989147D-01
    5.516657107543627D-05   -1.837779840271431D-04    4.365862101807850D-04
   -9.601577081373106D-01   -4.641959215036649D-02   -1.493502913907420D-02
    1.278134401789063D+00    6.182813352327245D-02    1.931057646144224D-02
   -2.166884428449640D-03    1.290204621538290D-03    2.425747296028629D-04
    2.730147057569778D-02   -1.979076419606794D-04   -6.202528074426515D-05
    2.402871873853207D-04   -9.810840967751850D-04    2.618456018964511D-01
    1.261477499127012D-02    4.490664378779966D-03   -6.627770299042954D-01
   -3.194395808166715D-02   -1.125858321224249D-02    4.257715747070515D-03
   -2.528042686712956D-03   -4.745768907234804D-04   -5.403597810955559D-02
    2.366992248864090D-04    6.302053772696616D-04   -1.105135447628888D-04
    6.158194280635378D-04   -9.819921616038148D-05   -1.672346879472313D-04
    9.094649641685191D-05   -1.782265844014032D-04    1.200157844134138D-04
   -5.976089446001985D-02    1.991643855631204D-01   -4.299025512214275D-01
    4.334843340828579D-03    3.351609437138150D-02   -4.292839243665842D-01
   -1.346370964768627D-02   -9.408538187923329D-02    1.204253295188634D+00
    1.748473380269732D-02   -3.063987004942488D-03   -2.304115504127893D-02
    5.278198468207605D-03    9.000052238570216D-02    6.254816294412108D-02
   -2.606089921672525D-01    1.044379968057011D+00    3.825975803310282D-03
    2.293165484385609D-02   -2.933610194163679D-01   -8.732653474904296D-03
   -5.165851357046960D-02    6.607625898614542D-01   -9.969738977017250D-04
   -1.855919898986672D-02    4.152617469192501D-02   -3.353959127030971D-03
   -6.701462293793227D-03   -6.682309245321308D-01    9.239350190124626D-02
   -6.682341134424005D-01    9.238487956243610D-02    1.755968957224161D-01
   -1.146938574331644D-01    1.755800224090485D-01   -1.146614223952218D-01
    5.043365531483032D-09    4.404815257020094D-06    1.570067031318354D-05
    1.038527947753511D-02   -2.093388000564455D-01   -1.623009089082895D-02
    9.323624419911093D-03   -1.886523832984884D-01   -1.465497097629568D-02
   -1.498872690814301D-03    1.793135455151988D-01    6.996340486085734D-03
   -9.108496500283064D-03    7.104151459340336D-03   -6.555403362882483D-07
    1.334652115626419D-05   -4.661488086086973D-05    4.780524100381265D-02
   -9.652830361180641D-01   -7.486176423150893D-02   -1.168986764364699D-01
    2.360371548162081D+00    1.830226098180686D-01    1.353548822467178D-03
   -1.606353523813743D-01   -6.266726950517043D-03    8.160412565412542D-03
   -6.363712048205248D-03    2.998802573361232D-01   -4.762450335231486D-01
   -2.998749927109707D-01    4.762594546645247D-01    3.750332215947177D-01
   -1.677968081458518D+00   -3.750527526982425D-01    1.677988490485061D+00
   -3.043712607975466D-02    2.994059794594893D-01    2.202604191331533D-01
   -4.953979310217974D-03   -3.179974609834659D-02    4.065148453791150D-01
    1.086373864453685D-02    6.959295680864801D-02   -8.898104567165975D-01
    7.786087999302244D-03   -1.807338733410883D-02    2.560385111142353D-02
   -3.468692031700374D-04    3.869309095236124D-02   -3.796525729822597D-02
    1.473116974088960D+00   -3.425040366670327D+00    4.422214134827696D-03
    2.832969778838520D-02   -3.622448219230699D-01   -1.093375342180579D-03
   -7.162005102361610D-03    9.108686341096996D-02    8.256587399253881D-03
   -4.347308940433244D-03   -4.652105132402311D-03    2.021747493943163D-03
    4.228010378239172D-02   -3.140145240381968D-01    5.233552200656496D-01
   -3.140278770541356D-01    5.233983573081379D-01   -4.286319198470659D-01
    1.139084863577627D+00   -4.286054590812625D-01    1.139008347709676D+00
    7.421196967230409D-07   -4.359143268327584D-06   -2.933381587218766D-05
    4.987867717723631D-02   -1.006604421876276D+00   -7.809958241805830D-02
   -8.863902340228624D-02    1.788832206033884D+00    1.388026182816911D-01
   -5.851717661361023D-04    7.006688007319695D-02    2.732467711068953D-03
   -3.561496134954445D-03    2.775832886244763D-03    2.292328583538953D-06
   -3.313773329690366D-05    1.113262412425574D-04   -1.810171282094525D-02
    3.654941417585026D-01    2.834156336207944D-02    5.135897680988503D-02
   -1.036856430568495D+00   -8.038179826600121D-02   -2.341071946218230D-05
    2.442230882959147D-03    9.694154874156105D-05   -1.219271072343909D-04
    9.526625480259526D-05    3.306133663296298D-01   -1.193733658681233D+00
   -3.305970376287846D-01    1.193692449043530D+00   -2.926225289219545D-01
    7.519415531631883D-01    2.926437476904918D-01   -7.519927377388768D-01
   -3.824555776883988D-02    2.342905087338286D-01    4.474041214564564D-01
   -9.564914515313943D-03   -6.134906159995342D-02    7.846993773698068D-01
    2.224656002349801D-02    1.425007748992220D-01   -1.822867636455203D+00
    8.732370817724662D-03   -1.808337549845633D-02    2.402493325915698D-02
   -4.299560200326707D-05    4.358283310315304D-02    1.576183989088475D-03
   -4.128116715485498D-01   -4.945505240014667D-01   -5.765544527262604D-03
   -3.685759066481876D-02    4.716236717805166D-01    1.918347475573785D-02
    1.225104849046983D-01   -1.567541698746703D+00   -1.134816922996460D-02
    3.229747257851852D-02   -5.010365592087560D-02    1.463714357692855D-03
   -5.593786360593078D-02   -3.556058139114372D-01    9.374609535761534D-01
   -3.556169718582798D-01    9.374914948181965D-01    3.823419287448024D-01
   -8.156641208036229D-01    3.823446867665735D-01   -8.156702655906864D-01
    2.432174801401888D-03    1.873727930927867D+00   -4.910734403868377D+00
    6.815260272849446D-04    4.296988804402880D-03   -5.468502045287042D-02
   -1.485470089474670D-02   -9.476737256895305D-02    1.210916764860322D+00
   -1.419346519756198D-02    4.671330880202160D-03    1.402149916117678D-02
   -3.900061981697906D-03   -7.284078243149440D-02   -7.247054695013288D-03
   -5.535489398277615D-01    3.374886054381353D+00   -5.666906676628645D-04
   -3.683333657511165D-03    4.719544129615888D-02   -1.829640814187248D-02
   -1.166631214790405D-01    1.493939182883446D+00    7.662460394345646D-03
   -3.080904885238765D-02    5.315213673431856D-02   -2.446855310354507D-03
    3.706208929219652D-02    1.521018312515994D-01    3.963710237167580D-01
    1.520424863310594D-01    3.963167882920261D-01   -9.584057524236089D-02
   -1.882976412819695D-01   -9.577661746279474D-02   -1.882501770444016D-01
   -2.128262755915197D-06   -9.231948331289351D-05    3.119242427049600D-04
   -2.164809609512595D-02    4.364634918061833D-01    3.385340226172637D-02
    1.346476853582707D-01   -2.717644875292112D+00   -2.109203410430810D-01
   -1.826202609174181D-03    2.538438406770934D-01    9.901849917281293D-03
   -1.294975046392350D-02    1.005134082493323D-02    8.498225447711042D-07
    1.160648624128689D-05   -2.394045416144366D-04   -3.230976374507684D-03
    6.459111736629200D-02    4.990608475577444D-03   -1.282247942888988D-01
    2.588959685457080D+00    2.006338183360920D-01   -8.227608052209138D-04
    1.247600311827028D-01    4.863749044905852D-03   -6.239969695915517D-03
    4.926906000570158D-03    6.822821289632467D-01    5.933322189735626D-01
   -6.822909527204826D-01   -5.933320291780161D-01   -6.596965249126016D-01
   -8.402970336894120D-01    6.597014151907725D-01    8.402984379046160D-01
   -1.339415137536148D-06   -4.819475052264242D-05    1.454273258729277D-04
    1.748109926212074D-01    8.498896038849351D-03    2.807731869714000D-03
    5.635477488449291D-03   -9.018419972296690D-05    1.646964537679498D-05
   -4.786040032145568D-02    2.863582192903494D-02    4.869548003388756D-03
    6.077584496350961D-01   -2.548604199341362D-03    1.349562417827218D-06
    1.879909589605598D-05   -1.243883019989053D-04    2.111243720660313D-01
    1.020686194756148D-02    3.378372312360342D-03   -8.525737579641002D-02
   -3.756391420431889D-03   -1.381341041833867D-03    4.808065515854190D-02
   -2.870062302511420D-02   -4.889669054795482D-03   -6.103424974329411D-01
    2.583018450977481D-03    7.348586143670283D-05    7.922315126968960D-05
   -1.107663885226693D-04   -7.923316073656260D-05   -7.960423161283847D-05
   -1.103556229409891D-04    1.049402970552430D-04    1.251217586668682D-04
    4.599374269296961D-07    2.078667542078314D-05   -5.912151668790868D-05
    7.789342398795920D-06   -1.902612008251450D-04   -1.436600324311294D-05
   -5.789723963231932D-05    1.167564856332500D-03    9.772632116868764D-05
    6.643776884782057D-01    1.299720105586510D-02    4.073815991900705D-04
    5.112242354716935D-02   -3.259135220559737D-02   -6.590070304145725D-07
   -1.112384470207348D-05    5.017679686786607D-05   -2.100455519735307D-07
   -3.431771066768905D-05   -1.113291834075699D-06    5.796861315872504D-05
   -1.154848916659633D-03   -8.004624528044717D-05    6.764896609973369D-01
    1.336150999559301D-02    4.202333730089567D-04    5.206017200787728D-02
   -3.316931174257119D-02   -2.703541416227832D-04   -2.675431366891196D-04
    2.838922708755463D-04    2.802796734568276D-04    2.877178842455248D-04
    3.869238096713713D-04   -2.976868132007216D-04   -4.024102431708087D-04
   -1.718734589072229D-06   -2.625179411197054D-05    5.983592822858403D-05
    2.053295157675696D-06   -4.141535613881211D-05   -6.952714850634703D-07
   -2.261146637495603D-06    2.316460130366531D-05    4.311262096102977D-05
    7.428644790065123D-01    1.457465956304626D-02    4.587816992121783D-04
    5.716659368651834D-02   -3.647258992672115D-02   -2.903498585404009D-06
   -2.138747737932266D-05    7.886839843278472D-05    2.850231065022690D-06
   -5.485342726152718D-05   -1.203557727170873D-05    6.025772997630993D-06
   -1.088377900817476D-04   -2.215576721614074D-05   -7.318682685489724D-01
   -1.438687532046960D-02   -4.489236284793634D-04   -5.631830207106287D-02
    3.584775610727351D-02    6.600201176780295D-06   -2.958050742906239D-05
   -8.871552108320058D-05    1.117479801454561D-06    5.955969569424337D-05
    2.175002653259958D-06   -1.385691329143052D-04   -2.372831622094771D-05
    1.662228157443833D-02    2.716854025459786D-01   -5.702702087517667D-01
    6.965183829863537D-04    4.454468787206842D-03   -5.703759072915099D-02
    4.406985685017613D-03    2.850102916700282D-02   -3.646052278956009D-01
    6.200952697809869D-02   -3.496134099996407D-02   -2.987255860352039D-02
    1.476161824307441D-02    3.168022823012686D-01    3.172565069360728D-02
    2.209007594068453D-01   -7.521383599272820D-01   -1.211513527676079D-03
   -7.746450114249288D-03    9.903325224911010D-02   -1.298068089380477D-03
   -8.466445786138232D-03    1.084922283533780D-01    7.597375747228956D-02
   -4.182616228513870D-02   -3.906769291644240D-02    1.833300891174441D-02
    3.892663826198092D-01    4.142262802208707D-01    1.212537223895484D-01
    4.142243267056799D-01    1.212603507477549D-01    4.183308573586761D-01
    7.772407102816155D-02    4.183257049607221D-01    7.773830895234220D-02
    3.624380383532252D-07   -2.469004367156437D-05    2.987243973000168D-05
    5.609870696581058D-03   -1.132441160511020D-01   -8.767407884318693D-03
    4.620454269846713D-02   -9.322909932555288D-01   -7.236789851783389D-02
    4.433772233926043D-03   -5.486006984563977D-01   -2.139716157809770D-02
    2.784757091199234D-02   -2.172287326860308D-02   -1.421557664600204D-06
   -2.968382014233355D-05   -1.770964900900067D-05    1.426671421970948D-02
   -2.880404507986179D-01   -2.235334954128120D-02   -1.616978920906809D-02
    3.262393386875819D-01    2.529727383251347D-02   -6.691646658453503D-03
    8.066340754819713D-01    3.147563271568345D-02   -4.097852677990053D-02
    3.194827173441689D-02    6.266411412320542D-01    1.481337163528120D-01
   -6.266127443744987D-01   -1.481271310241774D-01    4.767400791322652D-01
   -3.248712376191152D-01   -4.767382511864725D-01    3.248648859663989D-01
    2.053933629303026D-02   -5.487291334493339D-01    1.507185033272148D-01
   -5.438378565451111D-03   -3.469845511154560D-02    4.440163376170468D-01
    8.159266334234399D-03    5.233600963496069D-02   -6.692106385935193D-01
    2.786793826540363D-02   -9.429206338258565D-02    1.552352030671836D-01
   -5.964976777624579D-03    1.360776944674366D-01   -3.049864656194751D-02
   -4.942946430952525D-01    9.200692510535420D-02    2.546845236953826D-03
    1.624922004978619D-02   -2.077497202542025D-01   -3.642467023727200D-03
   -2.338110789512816D-02    2.989929473876024D-01    5.387748856526643D-03
   -1.139370260298862D-01    2.353608020487575D-01   -1.648827675145619D-02
    1.849059339295974D-02    2.296487623258802D-01    1.939647577111566D-03
    2.297053918765958D-01    1.934841622593501D-03    1.357462775661692D-01
   -5.678853204459232D-02    1.357891149179107D-01   -5.682021543818210D-02
    3.002364647880322D-02    5.369190691444967D-01   -1.495255301835353D+00
    1.935605118843649D-03    1.247340502634481D-02   -1.596255694158644D-01
   -1.931038760568324D-03   -1.149804475306027D-02    1.478790934032102D-01
    8.336770550055507D-02   -6.186664895751012D-02   -8.416223218224144D-03
    1.766032830869586D-02    4.253180042177018D-01   -2.841067660910884D-02
   -1.533664760900261D-01    1.085793927566528D+00    3.969414246705859D-04
    2.352255008283197D-03   -3.006309504919685D-02   -2.289404892425010D-03
   -1.512279976482289D-02    1.928142540118642D-01   -7.353572800865918D-02
    7.750092089085629D-02   -4.178482292463544D-02   -1.152625277948086D-02
   -3.732330697372920D-01    5.510364859813658D-01    2.741844617238656D-03
    5.510883128000619D-01    2.765340465370417D-03   -4.335305526348410D-01
    4.017219261554619D-03   -4.335465075681099D-01    3.973839556280312D-03
   -7.960875925945047D-06   -1.014846095991790D-04    3.336772591044509D-04
   -6.000597067135389D-02   -2.901721056497868D-03   -9.379773370670027D-04
   -3.707241399662053D-01   -1.791460493295452D-02   -5.951550160561951D-03
   -7.383479587587057D-02    4.411187424166504D-02    7.503628585365075D-03
    9.371172945032465D-01   -4.067913847915821D-03    6.534986191478519D-06
    4.719471946482124D-05   -2.386398942160363D-04    1.675696537894702D-01
    8.088778885551210D-03    2.692551303786640D-03    2.832687218373551D-01
    1.369307222662519D-02    4.476068805990037D-03   -7.398509225955054D-02
    4.420740916078680D-02    7.527432874071806D-03    9.394786819090206D-01
   -3.907414221293599D-03   -1.403228401162544D-04    9.113639576268054D-06
   -1.559046582184254D-04    9.334045435201604D-06    8.423360965772217D-05
   -5.334566144553513D-06    6.703430541572455D-05    1.073820894634578D-05
   -8.063692439265516D-02   -1.420866523932372D-01    2.598958518865746D+00
    6.467022837477175D-03    4.128030369616109D-02   -5.279921564626675D-01
    2.102828911505302D-02    1.342203198943324D-01   -1.718461152190990D+00
    1.289609135631037D-03   -1.718038797139637D-01    3.662410953802799D-01
   -2.714379412898147D-02   -7.476620520607311D-03    3.602745622104989D-02
   -7.013626001918045D-01   -2.150056221659070D+00    1.247018500055180D-02
    7.958820200246380D-02   -1.018530525308484D+00    1.487986821047566D-02
    9.511743907510546D-02   -1.215757410791626D+00    2.884273324680880D-03
    1.321187427111060D-01   -2.887542140738122D-01    2.220201373634636D-02
    2.576260235288414D-02   -6.578510257258437D-03    1.697775344014594D-01
   -6.751372360360431D-03    1.697744526315099D-01    2.565644345671217D-02
   -2.702087790843011D-02    2.576995854458707D-02   -2.697705066128128D-02
    1.155671006928531D-05    1.573543207393969D-05   -3.462624406770519D-04
   -3.647362856629194D-03    7.362391933208695D-02    5.787133442079994D-03
    3.449389511508627D-02   -6.962419004029039D-01   -5.379292899593657D-02
    9.191334091039449D-03   -1.100309774411279D+00   -4.298206755974557D-02
    5.590245466049155D-02   -4.359413786454489D-02   -5.488765650061471D-06
    9.771707699395876D-05    2.757204133672718D-04    6.684627854197043D-03
   -1.349346945698429D-01   -1.032221473789389D-02   -3.251486784802433D-02
    6.563854516676386D-01    5.104986748861950D-02    7.408649224518205D-03
   -8.797308284350315D-01   -3.427830807443025D-02    4.468283150290666D-02
   -3.486153836859932D-02    6.633622259205091D-01   -2.508023598398964D-02
   -6.633382910721262D-01    2.504401255280679D-02   -4.079066794629708D-01
   -1.346705884628093D-01    4.078877688684312D-01    1.346751979327197D-01
orbocc
(1p3d25.15)                             
    2.000000000000000D+00    2.000000000000000D+00    2.000000000000000D+00
    2.000000000000000D+00    2.000000000000000D+00    2.000000000000000D+00
    1.665751248052185D+00    1.632692525465115D+00    7.015562264827038D-01
    0.000000000000000D+00    0.000000000000000D+00    0.000000000000000D+00
    0.000000000000000D+00    0.000000000000000D+00    0.000000000000000D+00
    0.000000000000000D+00    0.000000000000000D+00    0.000000000000000D+00
    0.000000000000000D+00    0.000000000000000D+00    0.000000000000000D+00
    0.000000000000000D+00    0.000000000000000D+00    0.000000000000000D+00
    0.000000000000000D+00    0.000000000000000D+00    0.000000000000000D+00
    0.000000000000000D+00    0.000000000000000D+00    0.000000000000000D+00
    0.000000000000000D+00    0.000000000000000D+00    0.000000000000000D+00
    0.000000000000000D+00    0.000000000000000D+00    0.000000000000000D+00
