 2mocoef
header
                     4
MO-coefficients from mcscf.x                                                    
 with dummy occupation 1.0 for active orbitals                                  
 total ao core energy =   38.588704248                                          
MCSCF energy =     -94.155328507                                                
                     1
                    36                    36
 A  
mocoef
(1p3d25.15)                             
    9.959531431255700D-01    2.394583833551326D-02   -1.248135210660568D-02
    1.051860386084844D-05    6.634910933753623D-05   -8.489931222287437D-04
   -1.868243342532547D-05   -1.182089567464498D-04    1.513125372996961D-03
   -1.879962436644806D-06   -4.341346773676902D-05    9.638957504678336D-05
   -7.583678764166813D-06   -1.326952064894261D-05    9.641823970086976D-05
   -6.758930535034306D-04    4.730481000829611D-03    6.236711649008659D-06
    3.974468062114633D-05   -5.084371260648487D-04   -2.761917119977675D-05
   -1.765780689874230D-04    2.258563683942570D-03   -5.679422925402403D-06
    9.818573778108446D-05   -2.011153325671371D-04    1.391297512506302D-05
   -2.125763759684336D-05   -1.556922199299384D-05    1.777588444242177D-03
   -1.553188076428945D-05    1.777623107533556D-03   -2.205388491492863D-04
   -1.248110985011872D-04   -2.205519578453392D-04   -1.248719928271941D-04
   -3.281137641918983D-04   -1.463854027888773D-04   -1.870636000298776D-04
   -5.408463792353036D-06   -3.463533892107099D-05    4.430875619737085D-04
   -1.088985969661899D-05   -6.941137592791548D-05    8.889096557478681D-04
    9.174437072575019D-06    8.623130117560443D-05   -2.006335128305108D-04
    1.687311182015818D-05    5.446882622084690D-05    9.960845316091353D-01
    2.405894154925320D-02   -9.579136020752894D-03   -1.701536632172440D-05
   -1.086063098714021D-04    1.389415861178866D-03   -1.141489017365362D-05
   -7.321199229582163D-05    9.364522818490805D-04   -3.601539660461713D-05
   -9.002022144738840D-05    2.542267264070624D-04   -2.630121051000041D-05
   -1.933786043065027D-04   -4.103247035052080D-06    6.285589939166955D-05
   -4.070265353370569D-06    6.291293950581914D-05   -4.052209195416548D-04
    2.577042984067044D-03   -4.052226757322433D-04    2.577014540179953D-03
   -1.917164557332140D-01    4.032648858477591D-01    4.077529565102120D-01
    1.005935087417448D-03    6.381491670221727D-03   -8.165937998053591D-02
    3.422332053772862D-04    2.157676211410685D-03   -2.761681491699177D-02
   -1.633803615503061D-03   -3.009643252787087D-04    3.413787841067030D-03
   -5.849364240724355D-04   -8.457273325523124D-03   -1.100558191514886D-01
    2.237552229446080D-01    6.682812218394953D-02   -1.835044584824282D-03
   -1.172362593293451D-02    1.499895582881803D-01    1.939835488580015D-04
    1.236454455034451D-03   -1.581972881509396D-02   -5.837598347615187D-04
   -2.798289471134269D-03    6.995446733032433D-03   -6.412681455178547D-04
   -3.244458639304583D-03    9.454654287274773D-02   -1.127359714355044D-02
    9.454768585809691D-02   -1.127397309889364D-02    3.745020432432854D-02
   -1.265585007667378D-03    3.745081362623459D-02   -1.265294614342290D-03
   -7.869516391682073D-02    1.669369129298961D-01    2.643659851669019D-01
   -3.533521736581516D-03   -2.264098663600598D-02    2.896960026631891D-01
   -1.540700754259614D-03   -9.884420709087544D-03    1.264821061325126D-01
   -1.737390796277736D-03    3.059748400982788D-03   -3.623771455559378D-03
   -7.804751396095812D-05   -8.715074282547714D-03    1.616487689983801D-01
   -3.416588520248014D-01   -3.022609939119759D-01   -5.200995676585237D-04
   -3.348166747368275D-03    4.284816793192236D-02   -3.592533311719888D-04
   -2.297832053800250D-03    2.939926290443776D-02    2.101918092860143D-03
   -1.391263749052638D-03   -5.747453503173722D-04    4.682608791307688D-04
    1.073985689984407D-02    1.273935732487578D-01    1.119131353541321D-02
    1.273900793078660D-01    1.119136966903967D-02   -1.342951459080939D-01
   -2.292929027248956D-02   -1.342949721388321D-01   -2.292917923657259D-02
   -3.648382753826680D-07    1.108147411206667D-06    8.898278856028758D-07
   -2.373431228444196D-02    4.789220258750558D-01    3.714814102266423D-02
   -1.557116073569535D-02    3.141955357767909D-01    2.437161107757504D-02
   -1.618582093752756D-04    1.980443242685697D-02    7.728825094669587D-04
   -1.005834179950681D-03    7.848052710076798D-04   -1.985862832308447D-06
    4.614592423252860D-06    6.898896570965862D-06   -8.374600048603392D-03
    1.690129271593043D-01    1.310154691376343D-02   -1.021453935588303D-03
    2.060818939944317D-02    1.596506794782839D-03   -1.053215513665249D-04
    1.250220603725412D-02    4.876739110648826D-04   -6.355544676565964D-04
    4.952869976414916D-04    2.080552829325998D-01    3.654973001001291D-02
   -2.080553628602153D-01   -3.655069144848049D-02    5.689159840629501D-02
    2.272965266107368D-02   -5.688584968912228D-02   -2.272851258886586D-02
    1.061791338946978D-02   -2.598227324319643D-02   -9.119296982618062D-03
   -4.806956523156445D-03   -3.082754791248081D-02    3.943131541991293D-01
   -2.595722781587487D-03   -1.666791082965388D-02    2.131852861817324D-01
   -1.239744449972378D-03    2.690547878647405D-03   -3.675217921056175D-03
    2.631619218021182D-05   -6.177012882648640D-03   -4.033241573789513D-02
    7.670834742222249D-02    2.137160485294755D-01    5.184468335096093D-03
    3.309141258399863D-02   -4.234214783497237D-01    1.182484796570492D-03
    7.557175082817745D-03   -9.669507859411894D-02   -2.141629712206584D-03
    5.620932339378971D-03   -8.437527907546849D-03    1.997765127054356D-04
   -1.059634147024553D-02    1.044840780483406D-01    3.174867628480143D-02
    1.044879453105012D-01    3.174999399263759D-02    1.532299800651017D-01
    6.840449727639832D-02    1.532295540636107D-01    6.840484923023979D-02
    4.178313397575481D-07   -9.359767652901083D-07   -3.502896472275676D-06
   -8.216737995642124D-03    1.655240468507356D-01    1.283813556055368D-02
   -8.394298685162765D-03    1.692135294466689D-01    1.312503742886874D-02
   -2.317339013965347D-04    2.778565250381672D-02    1.084174055130928D-03
   -1.410803774903128D-03    1.100995943736701D-03   -1.945534633201170D-07
    3.413728262767874D-07    2.301185672599438D-06    2.264310538345384D-02
   -4.572894853036664D-01   -3.546294211164820D-02    1.380986594923053D-02
   -2.788581069568464D-01   -2.162360623545953D-02   -3.095142623682535D-04
    3.689412971279232D-02    1.439107722957265D-03   -1.874609873004082D-03
    1.461513283622961D-03    9.823571968846495D-02    4.550509894183695D-02
   -9.823684911247196D-02   -4.550608148893995D-02   -2.417662748537333D-01
   -9.679653059887967D-02    2.417686451818086D-01    9.679859385352241D-02
    5.959877406816006D-06   -1.568971349578757D-05   -1.996503640217770D-05
    5.757567556885674D-01    2.782408787553223D-02    9.199061936378974D-03
    4.519537061047709D-01    2.184216656973390D-02    7.223261488628703D-03
    1.451048430552100D-03   -8.660566683678533D-04   -1.477242576033823D-04
   -1.842325020373286D-02    7.903932412681337D-05   -1.873135964605637D-06
    4.407259207196513D-06   -1.473418279659396D-06    2.011009095760565D-01
    9.699185401917266D-03    3.232182412635833D-03    6.240653832210999D-02
    3.004882555848655D-03    1.001816676417156D-03   -2.695010400980334D-03
    1.611407268612125D-03    2.743465909910608D-04    3.421335852992530D-02
   -1.447467499508140D-04    7.724740779067056D-06    2.745880505728531D-06
   -4.914982113395308D-07   -6.067169115633722D-07   -1.000652834027568D-05
   -5.233924627055481D-06    4.366489141092273D-06    2.812007106749755D-06
   -2.635659099633432D-06    6.447004203228344D-06    1.832846644708194D-05
   -2.649584630490135D-01   -1.279912409637888D-02   -4.235238574039811D-03
   -4.123256479310412D-01   -1.991756101887449D-02   -6.595307665243557D-03
    1.653612152827044D-03   -9.867293958973097D-04   -1.680107286623589D-04
   -2.099423936104336D-02    8.851326019485972D-05   -1.251166170999736D-06
    6.255870997454664D-07    1.298179583006080D-05    5.937987476304786D-01
    2.867240981645588D-02    9.499501140548219D-03    6.063479899895893D-01
    2.927614453053161D-02    9.704075991791173D-03    1.664231419634598D-03
   -9.948598274832003D-04   -1.692575458319538D-04   -2.113084137188329D-02
    8.954136435576377D-05   -3.846004873963129D-06   -3.057377037279682D-06
   -9.794354656627750D-06   -1.056771205331578D-05   -1.583731245861613D-06
    7.834316297523400D-07   -4.504416410871360D-06   -8.197688104229869D-06
   -9.943076739434646D-02    1.469802616830126D-01    1.604191425267919D+00
   -1.604226224284658D-03   -1.037316769904347D-02    1.326091976116746D-01
   -4.299267284289347D-03   -2.784748717206323D-02    3.560286926200564D-01
    3.409823005787794D-04   -1.235887914469593D-03    2.077007795674353D-03
   -8.562901691998220D-05    1.659550812161898D-03   -3.154993328982224D-02
    6.822752386633033D-02    5.670766732131240D-01    1.633434438364464D-03
    1.043601887539280D-02   -1.336475708361647D-01    7.113637509277263D-03
    4.556056042580896D-02   -5.833136325768232D-01    7.885909900183817D-04
   -1.886614600481129D-03    2.712322316051343D-03   -4.221377933601114D-05
    3.915919713073526D-03   -7.171935686179384D-02   -1.001328408983476D+00
   -7.172500960619616D-02   -1.001383964005341D+00   -1.465162124449888D-02
   -5.642346054445779D-01   -1.465580053253204D-02   -5.642930162861739D-01
    5.572345168380825D-06   -8.648594076562875D-06   -8.665509854076039D-05
    1.281305338596327D-02   -2.585277231285871D-01   -2.005835808869686D-02
    3.358645049562851D-02   -6.776193770465363D-01   -5.257259930121993D-02
   -2.847886150289188D-04    3.385020257552856D-02    1.320818513128026D-03
   -1.719495100178203D-03    1.341387053044860D-03   -3.808363061700417D-06
    5.479924695103037D-06    4.769824531772102D-05    1.194954524996294D-02
   -2.412948224686143D-01   -1.870963915033106D-02    3.242430790471030D-02
   -6.548585618113445D-01   -5.077540118109949D-02    2.545519811013408D-04
   -3.015936447918921D-02   -1.176629018860688D-03    1.532273313993039D-03
   -1.195064928733601D-03    9.247299351003249D-02    1.074975558619587D+00
   -9.246510614859137D-02   -1.074872652078403D+00    5.982765309016977D-02
    8.830535262625027D-01   -5.983138091257884D-02   -8.831058215062297D-01
   -6.214759301175959D-02    9.982862471201473D-02    9.033236761410600D-01
   -1.947235126606945D-04   -1.310081682585862D-03    1.666663550200668D-02
    6.876008897431809D-04    4.255792072983061D-03   -5.465221325533028D-02
   -8.378454042563023D-04    1.533935704507735D-03   -1.868762803405381D-03
   -3.048842367478716D-05   -4.201386771685964D-03    1.245778395094679D-01
   -1.847546057525780D-01   -2.043282323290870D+00   -1.443954231358364D-03
   -9.271787326135799D-03    1.184905006182778D-01   -4.489082524452227D-03
   -2.880355870149217D-02    3.680847918840240D-01   -4.374894226267553D-04
   -1.630989789570848D-04    1.089361904776995D-03   -1.693750977043994D-04
   -2.273519359635900D-03   -3.674124768870040D-02   -4.993755116521589D-01
   -3.674716872944187D-02   -4.994414478795003D-01    7.086759389932326D-02
    1.315848541896388D+00    7.086273414461743D-02    1.315754394052242D+00
   -7.673069791710591D-07   -4.335177589432729D-07    2.912099676120926D-05
    1.179723514251364D-02   -2.380983109603725D-01   -1.846355868371837D-02
    5.459833124308328D-02   -1.102021147425049D+00   -8.547724100485812D-02
    1.837480405979132D-04   -2.191714205735885D-02   -8.550154115484748D-04
    1.112901296563786D-03   -8.685988242553393D-04    5.892503791786408D-07
    3.990671995760699D-08   -3.051585799097339D-05   -1.461810698840214D-02
    2.951934373204237D-01    2.289455523485621D-02   -8.141785191840537D-02
    1.643778874164482D+00    1.274668945774940D-01   -1.082559481569790D-05
    1.455728406370742D-03    5.666676012816506D-05   -7.355565528903728D-05
    5.761386906382009D-05   -9.308116354660619D-03    1.084902293017809D+00
    9.306089707474310D-03   -1.084925816100216D+00   -1.858780933239972D-02
   -1.625963149749891D+00    1.858974252495279D-02    1.625993054035519D+00
   -5.271548389752660D-02    3.217717631886859D-02    2.030672719334026D+00
    3.719424037867925D-03    2.382690866417301D-02   -3.048110769779064D-01
    2.201342013137187D-02    1.407299639686845D-01   -1.800547811299425D+00
   -1.265739086958822D-03   -1.852347399785996D-03    6.118721034320033D-03
   -7.136197752118523D-04   -6.684229565598631D-03    6.119198992870396D-02
    3.617680072363451D-02   -2.348875286201198D+00    8.493399667896803D-04
    5.462988164149100D-03   -6.986802481518617D-02    3.138479327334644D-02
    2.003687306433914D-01   -2.563419216317132D+00    1.731835308539190D-03
   -5.284718470176941D-03    8.408746491111814D-03   -2.802797721561367D-04
    8.509649315014554D-03    4.075217391672399D-02    6.824735588423201D-01
    4.075392029718296D-02    6.824643953684560D-01   -5.180311157632702D-02
   -2.777330754278971D-01   -5.180868927789003D-02   -2.776872384404211D-01
   -1.723199297053958D-05    2.234045444132949D-05    1.020958107115576D-04
   -2.154837470400660D-01   -1.041768333163720D-02   -3.406696767130820D-03
   -3.353135358488622D-03   -1.216186769697304D-04   -5.132050754044049D-04
   -6.375257829179474D-03    3.813409712704979D-03    6.340379113121205D-04
    8.092341550436098D-02   -3.483072071194818D-04    8.446187932234540D-06
   -1.524238776868348D-04   -2.446783191929655D-04   -9.937704288404324D-01
   -4.797173522372784D-02   -1.619369546097121D-02    1.129696217558341D+00
    5.456061557240263D-02    1.819815563485884D-02    3.519965014189765D-03
   -2.100866129743743D-03   -3.579920755951139D-04   -4.469769040510760D-02
    1.855339068852425D-04    2.946653387292338D-05    6.281292341428175D-05
    4.140246196271292D-05    4.487128910995130D-05    2.029144653571181D-05
   -2.483234938601337D-06    3.303048598039003D-05    7.973393927572019D-06
   -5.103199328099541D-02    4.727053500132916D-02    3.153911482368509D-01
   -9.958060659550332D-04   -6.788851248313601D-03    8.663793122388182D-02
    1.743029233764451D-02    1.114073953450820D-01   -1.424978594979610D+00
   -3.875560873235270D-03    2.439988226387739D-02   -4.585411382513906D-02
    2.620686006644872D-03   -1.800868582976335D-02    2.655405510934965D-02
   -4.617562874462589D-01   -7.553847400447253D-01    1.121442212779005D-02
    6.939608310276441D-02   -8.892701379948751D-01   -3.754123180127208D-03
   -2.128310062150095D-02    2.757904625724302D-01   -1.840127675900365D-03
    1.226536427205081D-04    2.914966590922934D-03   -5.781460164305555D-04
   -9.484924484604628D-03    1.013793919895306D-01    2.261850646268886D-01
    1.015675160938388D-01    2.260914906699798D-01    6.453278039088899D-02
   -1.742554795365196D-02    6.472711764585541D-02   -1.733671534062725D-02
    1.122748549615704D-05   -1.939829451318216D-05   -4.278453817305257D-05
    3.917705976166542D-03   -7.914678511402898D-02   -6.155688390987781D-03
   -4.269707006935724D-03    8.598000064577169D-02    6.996529926228359D-03
    8.453216787802724D-04   -1.011885514429606D-01   -3.937274257207740D-03
    5.138039562595724D-03   -4.004418216596235D-03   -6.538401508299366D-06
    7.726890312865302D-05    2.170626703635208D-04    2.636316834040264D-02
   -5.319640230230444D-01   -4.104617115549588D-02   -6.653959123784188D-02
    1.343187967784812D+00    1.040620068938994D-01   -1.097140183775779D-03
    1.306849928944540D-01    5.097389326091996D-03   -6.637382305674045D-03
    5.181440619428495D-03   -3.786388114446280D-01    1.288217067504195D-01
    3.785735189041066D-01   -1.289145533986472D-01   -4.442343480212963D-01
   -2.351398330674727D-01    4.441747850080900D-01    2.351256673773968D-01
    2.728290672782567D-03   -2.365858412052965D-01    9.286216179957449D-02
   -2.087628433404033D-03   -1.344894672049688D-02    1.720311947366799D-01
   -1.194764829320167D-03   -7.627463384920344D-03    9.770309963530537D-02
    6.522607830854054D-03   -8.933130710702252D-04   -9.127100289649677D-03
    2.001781208055761D-03    3.360018675237498D-02   -4.814899804131011D-02
   -1.046078478024450D+00    2.022362053820400D+00   -9.503925152507142D-04
   -5.966509801011058D-03    7.658530974135531D-02    4.200329314163236D-03
    2.678447893236533D-02   -3.435452488924299D-01    1.618460519228454D-02
   -8.930549898501198D-03   -8.262362076749637D-03    3.893096725325459D-03
    8.284241910800350D-02   -1.709033332792810D-01   -3.194309186149159D-02
   -1.709220346617844D-01   -3.193649976162345D-02   -5.841592574718920D-01
   -1.877240957310264D-01   -5.841850509727095D-01   -1.877650770108978D-01
    5.516658094243091D-05   -1.837780033212313D-04    4.365862473606484D-04
   -9.601577092680966D-01   -4.641959221003989D-02   -1.493502908969273D-02
    1.278134401006214D+00    6.182813350048746D-02    1.931057627166980D-02
   -2.166884453190221D-03    1.290204634799444D-03    2.425747359104136D-04
    2.730147085524113D-02   -1.979076567548823D-04   -6.202528913901544D-05
    2.402872250550704D-04   -9.810842329328186D-04    2.618456005088381D-01
    1.261477492384387D-02    4.490664411685474D-03   -6.627770270185506D-01
   -3.194395794162423D-02   -1.125858326793406D-02    4.257715821542255D-03
   -2.528042727862867D-03   -4.745769049716664D-04   -5.403597905276449D-02
    2.366992297594300D-04    6.302054792054381D-04   -1.105135534038940D-04
    6.158195281944600D-04   -9.819922419433020D-05   -1.672347138499715D-04
    9.094651188628930D-05   -1.782266096573191D-04    1.200157897847243D-04
   -5.976089511901237D-02    1.991643812449498D-01   -4.299025444192833D-01
    4.334843189826626D-03    3.351609436052571D-02   -4.292839243153685D-01
   -1.346370941687162D-02   -9.408538163526949D-02    1.204253292178769D+00
    1.748473380670314D-02   -3.063986764596766D-03   -2.304115556362179D-02
    5.278198512905640D-03    9.000052242628803D-02    6.254816167419111D-02
   -2.606089950180603D-01    1.044379963843394D+00    3.825975939356078D-03
    2.293165548205587D-02   -2.933610275497850D-01   -8.732653635358882D-03
   -5.165851398628145D-02    6.607625951032055D-01   -9.969738045778678D-04
   -1.855919923525834D-02    4.152617506052685D-02   -3.353959144647081D-03
   -6.701461835278489D-03   -6.682309235589169D-01    9.239349946507587D-02
   -6.682341124684310D-01    9.238487712417089D-02    1.755968916502383D-01
   -1.146938518722218D-01    1.755800183358861D-01   -1.146614168353771D-01
    5.043365368412010D-09    4.404815137133944D-06    1.570067023520226D-05
    1.038527912383394D-02   -2.093387929931418D-01   -1.623009034339113D-02
    9.323625067031212D-03   -1.886523963255740D-01   -1.465497198591374D-02
   -1.498872678771411D-03    1.793135441109872D-01    6.996340431290035D-03
   -9.108496428894771D-03    7.104151403713579D-03   -6.555403277270187D-07
    1.334652060275927D-05   -4.661487948802136D-05    4.780524111703742D-02
   -9.652830384261554D-01   -7.486176441058648D-02   -1.168986768275332D-01
    2.360371556039720D+00    1.830226104292906D-01    1.353548810142752D-03
   -1.606353508680382D-01   -6.266726891453008D-03    8.160412488358122D-03
   -6.363711988250417D-03    2.998802554441311D-01   -4.762450246404660D-01
   -2.998749908191349D-01    4.762594457812891D-01    3.750332253968599D-01
   -1.677968089105467D+00   -3.750527565001981D-01    1.677988498131621D+00
   -3.043712538263028D-02    2.994059821619097D-01    2.202604005622942D-01
   -4.953979202480649D-03   -3.179974540314168D-02    4.065148365993084D-01
    1.086373839403798D-02    6.959295519220444D-02   -8.898104362433538D-01
    7.786087865888526D-03   -1.807338741573815D-02    2.560385151089553D-02
   -3.468692606154627D-04    3.869309025858271D-02   -3.796525738404460D-02
    1.473116979383917D+00   -3.425040359201219D+00    4.422214126108609D-03
    2.832969771516004D-02   -3.622448210331610D-01   -1.093375516632849D-03
   -7.162006190540265D-03    9.108687746784375D-02    8.256587512616357D-03
   -4.347309347438716D-03   -4.652104452588475D-03    2.021747466384610D-03
    4.228010433904630D-02   -3.140145195209827D-01    5.233552145376912D-01
   -3.140278725312778D-01    5.233983517595090D-01   -4.286319236313837D-01
    1.139084873781507D+00   -4.286054628707547D-01    1.139008357928407D+00
    7.421197815141896D-07   -4.359144038846274D-06   -2.933381538845697D-05
    4.987867735992029D-02   -1.006604425464851D+00   -7.809958270102051D-02
   -8.863902304339834D-02    1.788832198818082D+00    1.388026177328203D-01
   -5.851717693589614D-04    7.006688049564612D-02    2.732467727505575D-03
   -3.561496154724560D-03    2.775832902957243D-03    2.292328235131704D-06
   -3.313771595754954D-05    1.113262144839265D-04   -1.810171242760613D-02
    3.654941338099743D-01    2.834156273711953D-02    5.135897554625386D-02
   -1.036856405079413D+00   -8.038179627302314D-02   -2.341070848275477D-05
    2.442229578032022D-03    9.694149833413740D-05   -1.219270421144810D-04
    9.526620405544133D-05    3.306133678869066D-01   -1.193733661522267D+00
   -3.305970391851371D-01    1.193692451873865D+00   -2.926225279932790D-01
    7.519415390578448D-01    2.926437467466968D-01   -7.519927235965899D-01
   -3.824555831703030D-02    2.342905232719044D-01    4.474040957574231D-01
   -9.564914493291029D-03   -6.134906148027205D-02    7.846993757021528D-01
    2.224656008477128D-02    1.425007753329238D-01   -1.822867641758960D+00
    8.732370896436990D-03   -1.808337569272411D-02    2.402493354450988D-02
   -4.299560795069666D-05    4.358283349318844D-02    1.576184664729730D-03
   -4.128116602114194D-01   -4.945505394736996D-01   -5.765544461801930D-03
   -3.685759024560685D-02    4.716236664644629D-01    1.918347466274583D-02
    1.225104842894221D-01   -1.567541691018412D+00   -1.134816914386739D-02
    3.229747240275677D-02   -5.010365568891145D-02    1.463714357409298D-03
   -5.593786317775581D-02   -3.556058182249613D-01    9.374609657202244D-01
   -3.556169761788274D-01    9.374915069876656D-01    3.823419255154735D-01
   -8.156641151793882D-01    3.823446835430916D-01   -8.156702599823746D-01
    2.432174965229380D-03    1.873727927717431D+00   -4.910734408362270D+00
    6.815260911969902D-04    4.296989188201593D-03   -5.468502536312429D-02
   -1.485470107342154D-02   -9.476737368598881D-02    1.210916779150106D+00
   -1.419346529680018D-02    4.671331033209365D-03    1.402149900532696D-02
   -3.900061991120903D-03   -7.284078294404482D-02   -7.247054590077826D-03
   -5.535489425887515D-01    3.374886067787649D+00   -5.666906471922593D-04
   -3.683333520383619D-03    4.719543954169067D-02   -1.829640825047230D-02
   -1.166631221876603D-01    1.493939191955385D+00    7.662460438079568D-03
   -3.080904919455318D-02    5.315213739781056D-02   -2.446855350521060D-03
    3.706208948084178D-02    1.521018331473010D-01    3.963710182624261D-01
    1.520424882261362D-01    3.963167828382926D-01   -9.584057519630144D-02
   -1.882976403103972D-01   -9.577661741619509D-02   -1.882501760728106D-01
   -2.128262794353141D-06   -9.231948342892288D-05    3.119242437634590D-04
   -2.164809624942578D-02    4.364634949645834D-01    3.385340250708550D-02
    1.346476853804441D-01   -2.717644875706647D+00   -2.109203410761841D-01
   -1.826202610215458D-03    2.538438415526115D-01    9.901849951421822D-03
   -1.294975051010148D-02    1.005134085945211D-02    8.498225367966221D-07
    1.160648627646208D-05   -2.394045427970769D-04   -3.230976303136168D-03
    6.459111591993329D-02    4.990608363454010D-03   -1.282247943891291D-01
    2.588959687466712D+00    2.006338184911961D-01   -8.227608014123751D-04
    1.247600310258567D-01    4.863749038754572D-03   -6.239969685853666D-03
    4.926905994197076D-03    6.822821290468460D-01    5.933322203894332D-01
   -6.822909528043171D-01   -5.933320305933319D-01   -6.596965245947013D-01
   -8.402970355049099D-01    6.597014148729838D-01    8.402984397199457D-01
   -1.339415286995860D-06   -4.819474838752427D-05    1.454273218562492D-04
    1.748109973488606D-01    8.498896276586584D-03    2.807731945890879D-03
    5.635479509175832D-03   -9.018410996184749D-05    1.646967752749789D-05
   -4.786040032632614D-02    2.863582193289215D-02    4.869548004131648D-03
    6.077584496960775D-01   -2.548604199504630D-03    1.349562429455408D-06
    1.879909610000209D-05   -1.243883010056192D-04    2.111243731740655D-01
    1.020686199901354D-02    3.378372330110254D-03   -8.525737224464094D-02
   -3.756391240268154D-03   -1.381340982490814D-03    4.808065512791147D-02
   -2.870062300728825D-02   -4.889669051519658D-03   -6.103424970464143D-01
    2.583018449559629D-03    7.348586430517770D-05    7.922315552803885D-05
   -1.107663919376541D-04   -7.923316394608648D-05   -7.960423428866204D-05
   -1.103556264935344D-04    1.049402992894415D-04    1.251217628066251D-04
    4.599382832357556D-07    2.078666801886358D-05   -5.912150299610184D-05
    7.789342676742953D-06   -1.902612050557407D-04   -1.436600294798780D-05
   -5.789724037310719D-05    1.167564873988843D-03    9.772631835300628D-05
    6.643776892754023D-01    1.299720106891505D-02    4.073815996427852D-04
    5.112242360879313D-02   -3.259135224460755D-02   -6.590086040416980D-07
   -1.112383984696812D-05    5.017678447419389D-05   -2.100455217687381D-07
   -3.431771048908981D-05   -1.113295326137598D-06    5.796861400779643D-05
   -1.154848934352074D-03   -8.004625119700792D-05    6.764896602120100D-01
    1.336150997985299D-02    4.202333721316773D-04    5.206017194737753D-02
   -3.316931170407861D-02   -2.703541471949459D-04   -2.675431419288957D-04
    2.838922745595624D-04    2.802796771427567D-04    2.877178893539185D-04
    3.869238178713649D-04   -2.976868155666039D-04   -4.024102477060266D-04
   -1.718734139067410D-06   -2.625179646585615D-05    5.983592936874085D-05
    2.053295118098030D-06   -4.141535683377483D-05   -6.952700179197823D-07
   -2.261146764418369D-06    2.316460513382910D-05    4.311261798924834D-05
    7.428644782938114D-01    1.457465954756639D-02    4.587816990040958D-04
    5.716659363163523D-02   -3.647258989077715D-02   -2.903496772924906D-06
   -2.138748040576897D-05    7.886839467936149D-05    2.850231149029440D-06
   -5.485342751971467D-05   -1.203557661439163D-05    6.025773292429743D-06
   -1.088377949918094D-04   -2.215576755822023D-05   -7.318682692746747D-01
   -1.438687533480238D-02   -4.489236286328048D-04   -5.631830212689029D-02
    3.584775614400221D-02    6.600201586804705D-06   -2.958050815946804D-05
   -8.871551847714501D-05    1.117480916959570D-06    5.955969798565351D-05
    2.175004027017678D-06   -1.385691339292839D-04   -2.372831820831685D-05
    1.662228133701096D-02    2.716854055516466D-01   -5.702702114068826D-01
    6.965184047529898D-04    4.454468927483054D-03   -5.703759252463583D-02
    4.406985651132028D-03    2.850102895489911D-02   -3.646052251788596D-01
    6.200952694666353D-02   -3.496134076921948D-02   -2.987255904928995D-02
    1.476161827029300D-02    3.168022821689114D-01    3.172565158934027D-02
    2.209007606222389D-01   -7.521383596495417D-01   -1.211513543842494D-03
   -7.746450218044908D-03    9.903325357630911D-02   -1.298068087499792D-03
   -8.466445770689151D-03    1.084922281520213D-01    7.597375742812866D-02
   -4.182616197258262D-02   -3.906769350977608D-02    1.833300894714794D-02
    3.892663824091191D-01    4.142262798717824D-01    1.212537224146457D-01
    4.142243263568127D-01    1.212603507730193D-01    4.183308560791127D-01
    7.772407120877362D-02    4.183257036811918D-01    7.773830913280917D-02
    3.624380606527635D-07   -2.469004391388648D-05    2.987243959270887D-05
    5.609870650103186D-03   -1.132441151068174D-01   -8.767407810848589D-03
    4.620454273176806D-02   -9.322909939510088D-01   -7.236789857217868D-02
    4.433772228178238D-03   -5.486006978837472D-01   -2.139716155567046D-02
    2.784757088517248D-02   -2.172287324571549D-02   -1.421557748864493D-06
   -2.968382032412525D-05   -1.770964888269053D-05    1.426671415315288D-02
   -2.880404494114452D-01   -2.235334943379246D-02   -1.616978902676907D-02
    3.262393350372942D-01    2.529727354963821D-02   -6.691646665590160D-03
    8.066340763574921D-01    3.147563274995401D-02   -4.097852682280447D-02
    3.194827176908385D-02    6.266411409112292D-01    1.481337170773068D-01
   -6.266127440533102D-01   -1.481271317485930D-01    4.767400781498904D-01
   -3.248712363261024D-01   -4.767382502038594D-01    3.248648846733808D-01
    2.053933663891985D-02   -5.487291355543726D-01    1.507185047730244D-01
   -5.438378578249393D-03   -3.469845519119596D-02    4.440163386372348D-01
    8.159266348514729D-03    5.233600972529680D-02   -6.692106397432960D-01
    2.786793839559193D-02   -9.429206342782802D-02    1.552352029423407D-01
   -5.964976742246185D-03    1.360776951415426D-01   -3.049864694795916D-02
   -4.942946423775863D-01    9.200692272787321D-02    2.546845234246733D-03
    1.624922003364234D-02   -2.077497200464685D-01   -3.642467006439437D-03
   -2.338110778667734D-02    2.989929459998779D-01    5.387749074696167D-03
   -1.139370261220044D-01    2.353608018785319D-01   -1.648827669427679D-02
    1.849059450450211D-02    2.296487636491702D-01    1.939647813284131D-03
    2.297053932005858D-01    1.934841858887333D-03    1.357462800643505D-01
   -5.678853205135802D-02    1.357891174164142D-01   -5.682021544515367D-02
    3.002364652809522D-02    5.369190701061611D-01   -1.495255306247730D+00
    1.935605110488255D-03    1.247340497879495D-02   -1.596255688090152D-01
   -1.931038797578722D-03   -1.149804494568571D-02    1.478790958678717D-01
    8.336770546222200D-02   -6.186664884643207D-02   -8.416223391460004D-03
    1.766032832929203D-02    4.253180040337788D-01   -2.841067695105998D-02
   -1.533664763829165D-01    1.085793932051411D+00    3.969414200968651D-04
    2.352254963229623D-03   -3.006309447037721D-02   -2.289404916796025D-03
   -1.512279995092630D-02    1.928142563924468D-01   -7.353572804525989D-02
    7.750092073604807D-02   -4.178482253075059D-02   -1.152625280115327D-02
   -3.732330699334912D-01    5.510364861254753D-01    2.741844367870502D-03
    5.510883129446199D-01    2.765340216162736D-03   -4.335305531400044D-01
    4.017219245941494D-03   -4.335465080733088D-01    3.973839540381541D-03
   -7.960876442430853D-06   -1.014846184515642D-04    3.336772849172002D-04
   -6.000597054998170D-02   -2.901721051136718D-03   -9.379773323982788D-04
   -3.707241387795916D-01   -1.791460487481937D-02   -5.951550145187597D-03
   -7.383479587062011D-02    4.411187423991828D-02    7.503628585154034D-03
    9.371172944193539D-01   -4.067913854346232D-03    6.534986656946102D-06
    4.719472203372084D-05   -2.386399134169662D-04    1.675696530400413D-01
    8.088778851031162D-03    2.692551292421299D-03    2.832687197857163D-01
    1.369307212776760D-02    4.476068768852252D-03   -7.398509226941513D-02
    4.420740916451400D-02    7.527432875538960D-03    9.394786820492131D-01
   -3.907414215962389D-03   -1.403228505579005D-04    9.113639447856667D-06
   -1.559046656129525D-04    9.334045804286768D-06    8.423361639002399D-05
   -5.334565490739274D-06    6.703431268933740D-05    1.073820818807117D-05
   -8.063692411890967D-02   -1.420866520942831D-01    2.598958517114786D+00
    6.467022841860668D-03    4.128030372380635D-02   -5.279921568164306D-01
    2.102828912205469D-02    1.342203199366507D-01   -1.718461152727215D+00
    1.289609199388248D-03   -1.718038797218823D-01    3.662410952910092D-01
   -2.714379411001193D-02   -7.476620190530693D-03    3.602745456592883D-02
   -7.013626028702415D-01   -2.150056220408946D+00    1.247018501946028D-02
    7.958820212602113D-02   -1.018530526886352D+00    1.487986820437414D-02
    9.511743903831470D-02   -1.215757410325285D+00    2.884273290054053D-03
    1.321187427148920D-01   -2.887542140215146D-01    2.220201372505869D-02
    2.576260217518571D-02   -6.578509651268188D-03    1.697775347522335D-01
   -6.751371753044078D-03    1.697744529821883D-01    2.565644280865158D-02
   -2.702087835942477D-02    2.576995789535270D-02   -2.697705111248164D-02
    1.155670994897851D-05    1.573543185441997D-05   -3.462624377435098D-04
   -3.647362893063600D-03    7.362392007420049D-02    5.787133499158937D-03
    3.449389523302689D-02   -6.962419027588937D-01   -5.379292918043997D-02
    9.191334093174188D-03   -1.100309774700749D+00   -4.298206757064066D-02
    5.590245467520553D-02   -4.359413787602495D-02   -5.488765398703467D-06
    9.771707663530326D-05    2.757204109700109D-04    6.684627837556189D-03
   -1.349346943015785D-01   -1.032221471792953D-02   -3.251486796533916D-02
    6.563854539866526D-01    5.104986766706888D-02    7.408649220909214D-03
   -8.797308280095997D-01   -3.427830805813232D-02    4.468283148167514D-02
   -3.486153835172652D-02    6.633622262667914D-01   -2.508023575025091D-02
   -6.633382914186241D-01    2.504401231934577D-02   -4.079066785787185D-01
   -1.346705889014457D-01    4.078877679843382D-01    1.346751983714024D-01
orbocc
(1p3d25.15)                             
    2.000000000000000D+00    2.000000000000000D+00    2.000000000000000D+00
    2.000000000000000D+00    2.000000000000000D+00    2.000000000000000D+00
    1.000000000000000D+00    1.000000000000000D+00    1.000000000000000D+00
    0.000000000000000D+00    0.000000000000000D+00    0.000000000000000D+00
    0.000000000000000D+00    0.000000000000000D+00    0.000000000000000D+00
    0.000000000000000D+00    0.000000000000000D+00    0.000000000000000D+00
    0.000000000000000D+00    0.000000000000000D+00    0.000000000000000D+00
    0.000000000000000D+00    0.000000000000000D+00    0.000000000000000D+00
    0.000000000000000D+00    0.000000000000000D+00    0.000000000000000D+00
    0.000000000000000D+00    0.000000000000000D+00    0.000000000000000D+00
    0.000000000000000D+00    0.000000000000000D+00    0.000000000000000D+00
    0.000000000000000D+00    0.000000000000000D+00    0.000000000000000D+00
