 cidrt_title                                                                    
   F   F   0   0   0   0
(16i5)              cidrt
    6 1600   16
(13i6)              info
    36     9     0     0    50     1     1    28    92    71    98    28    92
    71    98 64477
(8a4)               slabel
 a  
(26i3)              map
 28 29 30 31 32 33 34 35 36  1  2  3  4  5  6  7  8  9 10 11 12 13 14 15 16 17
 18 19 20 21 22 23 24 25 26 27
(40i2)              mu
 2 2 2 2 2 2 0 0 0
(26i3)              nmpsy
 36
(26i3)              nexo
 27
(26i3)              nviwsm
 28 92 71 98
(13i6)              ncsfsm
    28  2484 24921 37044
(40i2)              modrt
 1 2 3 4 5 6 7 8 9
(40i2)              syml
 1 1 1 1 1 1 1 1 1
(40i2)              nj
 4 4 4 7 7 7 7 6 3 1
(26i3)              njskp
  0  4  8 12 19 26 33 40 46 49
(40i2)              a
 0 0 0 1 1 1 1 2 2 2 2 3 3 2 2 3 2 3 4 4 3 3 4 3 4 5 5 4 4 5 4 5 6 6 5 5 6 5 6 7
 7 6 6 7 6 8 8 7 7 8
(40i2)              b
 0 1 2 0 0 1 2 0 0 1 2 0 0 1 0 1 2 2 0 0 1 0 1 2 2 0 0 1 0 1 2 2 0 0 1 0 1 2 2 0
 0 1 0 1 2 0 0 1 0 0
(26i3)              l
  0  0  0  5  0  0  0  0  0  0  0  0  0  0  0  0  0  0  0  9  0  0  0  0  0  0
  0  0  0  0  0  0 15 14  0 13  0  0  0  0  0  0  0  0  0  0  0  0 22 21  0 20
  0  0 22 21  0  0  0 22  0  0  0  0  0  0  0  0  0  0  0  0  0  0  0  0 29 28
  0 27  0  0 29 28  0  0  0 29  0  0  0  0  0  0  0  0  0  0  0  0  0  0  0  0
 36 35  0 34  0  0 36 35  0  0  0 36  0  0  0  0  0  0  0  0  0  0  0  0  0  0
  0  0 43 42  0 41  0  0 43 42  0  0  0 43  0  0  0  0  0  0  0  0  0  0  0  0
  0  0  0  0 49 48  0 47  0  0 49 48  0  0  0 49  0  0  0  0  0  0  0  0  0  0
  0  0 50  0  0  0  0  0 50  0  0  0  0 50  0  0  0  0
(26i3)              l
  0  0  0  0  0  0  0  6  0  0  0  0  0  0  0  0  0  0  0  0  0  0  0 10  0  0
  0  0  0  0  0  0  0  0  0  0 14 17 13 16  0  0  0  0  0  0  0  0  0 21  0 20
  0  0  0 21  0  0  0  0 21 24 20 23  0  0 21 24  0  0  0  0  0  0  0  0  0 28
  0 27  0  0  0 28  0  0  0  0 28 31 27 30  0  0 28 31  0  0  0  0  0  0  0  0
  0 35  0 34  0  0  0 35  0  0  0  0 35 38 34 37  0  0 35 38  0  0  0  0  0  0
  0  0 43 42  0 41  0  0 43 42  0  0  0  0 42 45 41 44  0  0 42 45  0  0  0  0
  0  0  0  0 49 48  0 47  0  0 49 48  0  0  0 49 48  0 47  0  0  0 48  0  0  0
  0  0 50  0  0  0  0  0 50  0  0  0  0 50  0  0  0  0
(26i3)              l
  0  0  0  0  0  0  0  0  0  0  0  7  0  0  0  8  0  0  0  0  0  0  0  0  0  0
  0 11  0  0  0 12  0  0  0  0  0  0  0  0  0  0 16 18 13 16  0 19  0  0  0 20
  0  0  0  0  0  0  0  0  0  0 20 23  0  0  0  0  0  0 23 25 20 23  0 26  0  0
  0 27  0  0  0  0  0  0  0  0  0  0 27 30  0  0  0  0  0  0 30 32 27 30  0 33
  0  0  0 34  0  0  0  0  0  0  0  0  0  0 34 37  0  0  0  0  0  0 37 39 34 37
  0 40 43 42  0 41  0  0  0  0  0  0  0  0 42 45 41 44  0  0  0  0 45  0 44  0
 41 44  0 46 49 48  0 47  0  0 49 48  0  0  0 49 48  0 47  0  0  0 48  0 47  0
  0  0 50  0  0  0  0  0 50  0  0  0  0 50  0  0  0  0
(26i3)              y
 28 28 28  0  0  0  0  0  0  0  0  0  0  0  0  0 28 28 28  0  0  0  0  0  0  0
  0  0  0  0  0  0 27 21 21  0  0  0  0  0  0  0  0  0  0  0  0  0 20 15 15  0
  6  6  5  0  1  1  1  0  0  0  0  0  0  0  0  0  0  0  0  0  0  0  0  0 14 10
 10  0  5  5  4  0  1  1  1  0  0  0  0  0  0  0  0  0  0  0  0  0  0  0  0  0
  9  6  6  0  4  4  3  0  1  1  1  0  0  0  0  0  0  0  0  0  0  0  0  0  0  0
  0  0  5  3  3  0  3  3  2  0  1  1  1  0  0  0  0  0  0  0  0  0  0  0  0  0
  0  0  0  0  2  1  1  0  2  2  1  0  1  1  1  0  0  0  0  0  0  0  0  0  0  0
  0  0  0  0  0  0  1  1  0  0  1  1  1  0  0  0  0  0
(20i4)              y
   0   0   0   0 120 120 120  28   0   0   0   0   0   0   0   0   0   0   0   0
  92  92  92   0   0   0   0   0   0   0   0   0   0   0   0   0  89  77  62   0
   0   0   0   0   0   0   0   0  15  12  12   0   3   3   3   0   0   0   0   0
  59  50  38   0  12  12   9   0   0   0   0   0   0   0   0   0  12   9   9   0
   3   3   3   0   0   0   0   0  35  29  20   0   9   9   6   0   0   0   0   0
   0   0   0   0   9   6   6   0   3   3   3   0   0   0   0   0  17  14   8   0
   6   6   3   0   0   0   0   0   0   0   0   0   5   3   3   0   3   3   2   0
   0   0   0   0   6   5   2   0   3   3   1   0   0   0   0   0   0   0   0   0
   2   1   1   0   2   2   1   0   1   1   1   0   1   1   0   0   1   1   0   0
   0   0   0   0   0   0   0   0   1   1   0   0   1   1   1   0   0   0   0   0
(20i4)              y
   0   0   0   0   0   0   0   0 191 191 191 120 289 289 289 191   0   0   0   0
   0   0   0   0  71  71  71   0  98  98  98   0   0   0   0   0   0   0   0   0
  71  71  45   0  92  66  66   0   6   6   6   0   0   0   0   0   0   0   0   0
  26  26  20   0   0   0   0   0  45  45  25   0  60  40  40   0   6   6   6   0
   0   0   0   0   0   0   0   0  20  20  14   0   0   0   0   0  25  25  11   0
  34  20  20   0   6   6   6   0   0   0   0   0   0   0   0   0  14  14   8   0
   0   0   0   0  11  11   3   0  14   6   6   0   5   3   3   0   0   0   0   0
   0   0   0   0   6   5   2   0   0   0   0   0   2   2   0   0   3   1   1   0
   2   1   1   0   2   2   1   0   1   1   1   0   1   1   0   0   1   1   0   0
   0   0   0   0   0   0   0   0   1   1   0   0   1   1   1   0   0   0   0   0
(26i3)              xbar
 28  0  0  0 28  0  0  0 28  0  0  0 21  6  1  0  0  0  0 15  5  1  0  0  0  0
 10  4  1  0  0  0  0  6  3  1  0  0  0  0  3  2  1  0  0  0  1  1  1  1
(26i3)              xbar
  0 92  0  0  0 92  0  0  0 92  0  0 15  3  0 62 12  0  0 12  3  0 38  9  0  0
  9  3  0 20  6  0  0  6  3  0  8  3  0  0  3  2  1  2  1  0  1  1  1  1
(26i3)              xbar
  0  0 71 98  0  0 71 98  0  0 71 98  6  0  0 26  0 45 66  6  0  0 20  0 25 40
  6  0  0 14  0 11 20  6  0  0  8  0  3  6  3  2  1  2  1  1  1  1  1  1
(20i4)              limvecinfo
   1   1 999
(26i3)              limvec
289
(40i2)              refinfo
 0 4 9
(80i1)              ref
6996
