 iter=  1| etot=   -94.66619496| mxforce=  0.000227 on c.  1| mxstep=  0.000112 for c.  9| dener= 0.0000000E+00
 old coordinate |      force    |no.|new coord. |displacement
      1.28406423      0.00022721   1  1.28408695  0.00002272
      1.01984472      0.00005682   2  1.01985284  0.00000812
      1.01984457      0.00005832   3  1.01985290  0.00000833
      1.08371375     -0.00015080   4  1.08368633 -0.00002742
      1.08371415     -0.00015271   5  1.08368638 -0.00002776
     -0.07681804     -0.00003768   6 -0.07685573 -0.00003768
      0.00002108     -0.00001287   7  0.00000821 -0.00001287
      0.00010120     -0.00002426   8  0.00007695 -0.00002426
      0.01949327      0.00011241   9  0.01960569  0.00011241
      0.00001459     -0.00000915  10  0.00000544 -0.00000915
      0.00002894     -0.00000551  11  0.00002343 -0.00000551
      1.57082050     -0.00001356  12  1.57081007 -0.00001043
