 4 compact or full orbital order
 (3d25.12)
                    36
      -0.158952083580D+02       0.200000000000D+01
      -0.115848880988D+02       0.200000000000D+01
      -0.154494870025D+01       0.200000000000D+01
      -0.117427494593D+01       0.200000000000D+01
      -0.101690872503D+01       0.200000000000D+01
      -0.966129808854D+00       0.200000000000D+01
      -0.793981174064D+00       0.166575124806D+01
      -0.708851179647D+00       0.163269252465D+01
      -0.263766422748D+00       0.701556227291D+00
      -0.179358254915D-01       0.000000000000D+00
       0.200878096962D-01       0.000000000000D+00
       0.422341010881D-01       0.000000000000D+00
       0.133257003820D+00       0.000000000000D+00
       0.202236448325D+00       0.000000000000D+00
       0.498767665084D+00       0.000000000000D+00
       0.505751503746D+00       0.000000000000D+00
       0.516207745731D+00       0.000000000000D+00
       0.592634371603D+00       0.000000000000D+00
       0.704575136756D+00       0.000000000000D+00
       0.707309894199D+00       0.000000000000D+00
       0.798749027561D+00       0.000000000000D+00
       0.904202282670D+00       0.000000000000D+00
       0.917077452181D+00       0.000000000000D+00
       0.928303526866D+00       0.000000000000D+00
       0.124394718759D+01       0.000000000000D+00
       0.134498532077D+01       0.000000000000D+00
       0.141826191939D+01       0.000000000000D+00
       0.146563026235D+01       0.000000000000D+00
       0.180532546936D+01       0.000000000000D+00
       0.189364870166D+01       0.000000000000D+00
       0.205576426015D+01       0.000000000000D+00
       0.220710231863D+01       0.000000000000D+00
       0.238568544362D+01       0.000000000000D+00
       0.243782256224D+01       0.000000000000D+00
       0.275292915890D+01       0.000000000000D+00
       0.279283412497D+01       0.000000000000D+00
