 2mocoef
header
                     3
NO-coefficients from mcscf.x                                                    
 total ao core energy =   38.588704248                                          
MCSCF energy =     -94.155328507                                                
                     1
                    36                    36
 A  
mocoef
(1p3d25.15)                             
    9.959531437805015D-01    2.394582783612435D-02   -1.248134079511861D-02
    1.051854165507114D-05    6.634871133285741D-05   -8.489880323272733D-04
   -1.868238414935370D-05   -1.182086405167965D-04    1.513121329234660D-03
   -1.880199133801027D-06   -4.341331414889331D-05    9.638964753797706D-05
   -7.583731841708968D-06   -1.327073387944566D-05    9.641763877139043D-05
   -6.758911682586561D-04    4.730476549162844D-03    6.236668230154675D-06
    3.974440359123644D-05   -5.084335817174253D-04   -2.761914738624125D-05
   -1.765779181258339D-04    2.258561753141871D-03   -5.679363958818200D-06
    9.818527878334203D-05   -2.011144470181584D-04    1.391292079511201D-05
   -2.125737161712313D-05   -1.556921591029413D-05    1.777587891699955D-03
   -1.553187484565269D-05    1.777622555162260D-03   -2.205384422838936D-04
   -1.248115642799562D-04   -2.205515509540940D-04   -1.248724586667375D-04
   -3.281130881327385D-04   -1.463854097010271D-04   -1.870754515014578D-04
   -5.408513381782170D-06   -3.463565537578430D-05    4.430916104923956D-04
   -1.088996957195740D-05   -6.941207794357998D-05    8.889186389088887D-04
    9.174431194307841D-06    8.623207557602738D-05   -2.006351645744603D-04
    1.687323431156574D-05    5.446885829743806D-05    9.960845311782264D-01
    2.405894796944254D-02   -9.579126980978082D-03   -1.701547915207751D-05
   -1.086070321051422D-04    1.389425102130392D-03   -1.141491686205207D-05
   -7.321216088660768D-05    9.364544372145042D-04   -3.601530861898154D-05
   -9.002076939227489D-05    2.542277495944224D-04   -2.630126904361037D-05
   -1.933781833603007D-04   -4.103057811686108D-06    6.285554371520632D-05
   -4.070076097991396D-06    6.291258397052794D-05   -4.052205746700389D-04
    2.577042245016424D-03   -4.052223308934230D-04    2.577013801025790D-03
   -1.917164553861204D-01    4.032648849394554D-01    4.077529552781993D-01
    1.005935105251225D-03    6.381491784447443D-03   -8.165938144423415D-02
    3.422331964471126D-04    2.157676156642413D-03   -2.761681421677198D-02
   -1.633803582562746D-03   -3.009641964874717D-04    3.413787505270339D-03
   -5.849363917870261D-04   -8.457273134278099D-03   -1.100558199569492D-01
    2.237552269783293D-01    6.682812223634556D-02   -1.835044631338415D-03
   -1.172362623190514D-02    1.499895621121086D-01    1.939835347782821D-04
    1.236454364086744D-03   -1.581972764984417D-02   -5.837598657541406D-04
   -2.798289514586422D-03    6.995446879470918D-03   -6.412681629423378D-04
   -3.244458804557662D-03    9.454654129087457D-02   -1.127359885548185D-02
    9.454768427640664D-02   -1.127397481070353D-02    3.745020439232000D-02
   -1.265584276898394D-03    3.745081369429348D-02   -1.265293883490776D-03
   -7.869516497225421D-02    1.669369161865128D-01    2.643659862323035D-01
   -3.533521718431335D-03   -2.264098651616905D-02    2.896960011291183D-01
   -1.540700785220164D-03   -9.884420911485952D-03    1.264821087166147D-01
   -1.737390760970124D-03    3.059748245665683D-03   -3.623771182206434D-03
   -7.804752725286240D-05   -8.715074111852567D-03    1.616487684325048D-01
   -3.416588522795495D-01   -3.022609889406224D-01   -5.200995694531685D-04
   -3.348166759061211D-03    4.284816808299445D-02   -3.592533366026265D-04
   -2.297832084989901D-03    2.939926330269630D-02    2.101918117491083D-03
   -1.391263606175266D-03   -5.747457037456937D-04    4.682609108160453D-04
    1.073985705348512D-02    1.273935743718693D-01    1.119131215325483D-02
    1.273900804309922D-01    1.119136828668486D-02   -1.342951452568088D-01
   -2.292929119582849D-02   -1.342949714875469D-01   -2.292918015994503D-02
   -3.648383678173052D-07    1.108147518536500D-06    8.898282564453880D-07
   -2.373431246811037D-02    4.789220295912587D-01    3.714814131025428D-02
   -1.557116043857820D-02    3.141955298145605D-01    2.437161061502063D-02
   -1.618582137915048D-04    1.980443286688181D-02    7.728825266637757D-04
   -1.005834200477635D-03    7.848052884293041D-04   -1.985862764121821D-06
    4.614592349866049D-06    6.898896220321401D-06   -8.374600027083552D-03
    1.690129267510297D-01    1.310154688314966D-02   -1.021454099463024D-03
    2.060819256272103D-02    1.596507040090624D-03   -1.053215466030926D-04
    1.250220547222709D-02    4.876738890383584D-04   -6.355544418329394D-04
    4.952869753001117D-04    2.080552838076481D-01    3.654973019056040D-02
   -2.080553637356234D-01   -3.655069162928840D-02    5.689159840161861D-02
    2.272965199661867D-02   -5.688584968517753D-02   -2.272851192470096D-02
    1.061791252710458D-02   -2.598227172478280D-02   -9.119294051042708D-03
   -4.806956496295464D-03   -3.082754774066152D-02    3.943131520126754D-01
   -2.595722787674353D-03   -1.666791086518197D-02    2.131852866451951D-01
   -1.239744482094205D-03    2.690547823693738D-03   -3.675217747282984D-03
    2.631617233930526D-05   -6.177013056668913D-03   -4.033241628774546D-02
    7.670834773391134D-02    2.137160492427730D-01    5.184468355670650D-03
    3.309141271907301D-02   -4.234214800746890D-01    1.182484793307423D-03
    7.557175062017439D-03   -9.669507832838269D-02   -2.141629746959068D-03
    5.620932060589362D-03   -8.437527246296204D-03    1.997764562726736D-04
   -1.059634168392109D-02    1.044840786240709D-01    3.174867522623859D-02
    1.044879458854749D-01    3.174999293410390D-02    1.532299797039284D-01
    6.840449774003766D-02    1.532295537023083D-01    6.840484969389811D-02
    4.178313142649189D-07   -9.359767221292408D-07   -3.502896478177426D-06
   -8.216738114635774D-03    1.655240493504481D-01    1.283813575479792D-02
   -8.394298540972147D-03    1.692135266153581D-01    1.312503720818163D-02
   -2.317339095577495D-04    2.778565346804168D-02    1.084174092696926D-03
   -1.410803823582114D-03    1.100995981913701D-03   -1.945534618404841D-07
    3.413726669587129D-07    2.301185159921755D-06    2.264310538297052D-02
   -4.572894853398817D-01   -3.546294211470859D-02    1.380986592678558D-02
   -2.788581065323840D-01   -2.162360620249711D-02   -3.095142787316576D-04
    3.689413172960510D-02    1.439107801633219D-03   -1.874609977759947D-03
    1.461513363561231D-03    9.823572007015215D-02    4.550509855026618D-02
   -9.823684949383826D-02   -4.550608109698651D-02   -2.417662737679099D-01
   -9.679653090548680D-02    2.417686440959183D-01    9.679859415997699D-02
    5.959877515771743D-06   -1.568971323348921D-05   -1.996503782605189D-05
    5.757567579096874D-01    2.782408798168545D-02    9.199061972356823D-03
    4.519537074292198D-01    2.184216663026395D-02    7.223261508496705D-03
    1.451048228592375D-03   -8.660565471547646D-04   -1.477242369583252D-04
   -1.842324764008981D-02    7.903931291343132D-05   -1.873135991458325D-06
    4.407259807214133D-06   -1.473419456262205D-06    2.011009068543697D-01
    9.699185274538336D-03    3.232182369602220D-03    6.240653639442341D-02
    3.004882472068908D-03    1.001816645934825D-03   -2.695010196367342D-03
    1.611407148320222D-03    2.743465702888718D-04    3.421335593195556D-02
   -1.447467389518012D-04    7.724742016581367D-06    2.745882122160814D-06
   -4.914979492033844D-07   -6.067169554546003D-07   -1.000653038342284D-05
   -5.233926572567179D-06    4.366491209596069D-06    2.812009163120190D-06
   -2.635658964031457D-06    6.447004111894933D-06    1.832846565179264D-05
   -2.649584607358053D-01   -1.279912398054882D-02   -4.235238536081611D-03
   -4.123256447409290D-01   -1.991756086095258D-02   -6.595307614191188D-03
    1.653612199401182D-03   -9.867294216414886D-04   -1.680107333725127D-04
   -2.099423995210271D-02    8.851326293088180D-05   -1.251166129924398D-06
    6.255870124189563D-07    1.298179572217284D-05    5.937987491298314D-01
    2.867240988716982D-02    9.499501164732338D-03    6.063479890136825D-01
    2.927614447689663D-02    9.704075975414971D-03    1.664231521408929D-03
   -9.948598855726437D-04   -1.692575560353507D-04   -2.113084266592985D-02
    8.954136978499294D-05   -3.846005216588634D-06   -3.057376966391642D-06
   -9.794354691379338D-06   -1.056771099782597D-05   -1.583729547203201D-06
    7.834339069744330D-07   -4.504417780983017D-06   -8.197690423598848D-06
   -9.943076538886317D-02    1.469802592931978D-01    1.604191430971395D+00
   -1.604226179481613D-03   -1.037316741947975D-02    1.326091940243307D-01
   -4.299267280201456D-03   -2.784748714470135D-02    3.560286922400859D-01
    3.409822767532875D-04   -1.235887821761688D-03    2.077007637061452D-03
   -8.562900977042201D-05    1.659550697535201D-03   -3.154993299817849D-02
    6.822752355994939D-02    5.670766738283546D-01    1.633434433776779D-03
    1.043601884181030D-02   -1.336475704148245D-01    7.113637588650906D-03
    4.556056093016281D-02   -5.833136390511735D-01    7.885909820040080D-04
   -1.886614571517336D-03    2.712322267491114D-03   -4.221377740302257D-05
    3.915919673235518D-03   -7.171935574783114D-02   -1.001328409292092D+00
   -7.172500849283600D-02   -1.001383964321034D+00   -1.465162064183981D-02
   -5.642346090621945D-01   -1.465579993019178D-02   -5.642930199085016D-01
    5.572345184187722D-06   -8.648594158375770D-06   -8.665510163993618D-05
    1.281305335969664D-02   -2.585277225974340D-01   -2.005835804765168D-02
    3.358645065174462D-02   -6.776193801881814D-01   -5.257259954649036D-02
   -2.847886189199632D-04    3.385020300735356D-02    1.320818529961440D-03
   -1.719495122309574D-03    1.341387070143590D-03   -3.808362735466625D-06
    5.479923953660165D-06    4.769823871915146D-05    1.194954519153244D-02
   -2.412948212961770D-01   -1.870963905876849D-02    3.242430772992186D-02
   -6.548585582652610D-01   -5.077540090340115D-02    2.545519840618676D-04
   -3.015936485375021D-02   -1.176629033484705D-03    1.532273333241325D-03
   -1.195064943594030D-03    9.247299327153918D-02    1.074975562480997D+00
   -9.246510590997799D-02   -1.074872655935449D+00    5.982765249673347D-02
    8.830535220621376D-01   -5.983138031863280D-02   -8.831058172961739D-01
   -6.214759168196120D-02    9.982862444739707D-02    9.033236760366545D-01
   -1.947234982753446D-04   -1.310081594197112D-03    1.666663437761442D-02
    6.876008411228143D-04    4.255791765313545D-03   -5.465220930817682D-02
   -8.378454126028434D-04    1.533935770568847D-03   -1.868762931461162D-03
   -3.048841574019880D-05   -4.201386808525471D-03    1.245778401963826D-01
   -1.847546040949333D-01   -2.043282323696989D+00   -1.443954191378353D-03
   -9.271787066359971D-03    1.184904973046148D-01   -4.489082602350433D-03
   -2.880355920004330D-02    3.680847982930053D-01   -4.374893993180193D-04
   -1.630990729255941D-04    1.089362066545287D-03   -1.693751050497324D-04
   -2.273519245407940D-03   -3.674124757493780D-02   -4.993755151195305D-01
   -3.674716861535306D-02   -4.994414513433718D-01    7.086759298975544D-02
    1.315848544274781D+00    7.086273323533734D-02    1.315754396436636D+00
   -7.673070018119822D-07   -4.335177833183714D-07    2.912099767780383D-05
    1.179723505134998D-02   -2.380983091499935D-01   -1.846355854366873D-02
    5.459833110647182D-02   -1.102021144705186D+00   -8.547724079517542D-02
    1.837480378205360D-04   -2.191714174922370D-02   -8.550153995285246D-04
    1.112901280381485D-03   -8.685988120433047D-04    5.892503698821668D-07
    3.990689960517934D-08   -3.051585874049067D-05   -1.461810691988159D-02
    2.951934359514874D-01    2.289455512854160D-02   -8.141785220512883D-02
    1.643778879974729D+00    1.274668950259224D-01   -1.082560136079961D-05
    1.455729203103477D-03    5.666679122261629D-05   -7.355569537053913D-05
    5.761390063019127D-05   -9.308116888109045D-03    1.084902290213331D+00
    9.306090241013611D-03   -1.084925813293942D+00   -1.858781003284471D-02
   -1.625963154189572D+00    1.858974322523564D-02    1.625993058473475D+00
   -5.271548225430049D-02    3.217717867962364D-02    2.030672716420208D+00
    3.719424042990027D-03    2.382690869295228D-02   -3.048110773432637D-01
    2.201342018449449D-02    1.407299643169544D-01   -1.800547815743040D+00
   -1.265739074370277D-03   -1.852347551184386D-03    6.118721337684342D-03
   -7.136197956801008D-04   -6.684229512111966D-03    6.119199087151310D-02
    3.617680507229561D-02   -2.348875301525428D+00    8.493399481710382D-04
    5.462988043071076D-03   -6.986802326953166D-02    3.138479326295492D-02
    2.003687305755780D-01   -2.563419215465532D+00    1.731835281807580D-03
   -5.284718362533276D-03    8.408746305270491D-03   -2.802797638405859D-04
    8.509649185988764D-03    4.075217327614977D-02    6.824735633235423D-01
    4.075391965653506D-02    6.824643998515739D-01   -5.180310998028095D-02
   -2.777330716580429D-01   -5.180868768184831D-02   -2.776872346731408D-01
   -1.723199694580277D-05    2.234045469493790D-05    1.020958392334104D-04
   -2.154837480003778D-01   -1.041768337665319D-02   -3.406696776360600D-03
   -3.353134938819670D-03   -1.216186470193631D-04   -5.132051759921052D-04
   -6.375257854424403D-03    3.813409730163928D-03    6.340379101301178D-04
    8.092341582234970D-02   -3.483072093552418D-04    8.446191046977870D-06
   -1.524239326262130D-04   -2.446783415615868D-04   -9.937704284030582D-01
   -4.797173519300999D-02   -1.619369552383330D-02    1.129696217157075D+00
    5.456061554458375D-02    1.819815564392989D-02    3.519965101656872D-03
   -2.100866183393435D-03   -3.579920843349812D-04   -4.469769151544335D-02
    1.855339114414369D-04    2.946654139580824D-05    6.281293822721433D-05
    4.140246359524152D-05    4.487130743611448D-05    2.029144964968714D-05
   -2.483244091012102D-06    3.303048216102598D-05    7.973384256062212D-06
   -5.103199252924450D-02    4.727053094400202D-02    3.153911538874158D-01
   -9.958060301748655D-04   -6.788851137839869D-03    8.663792980560692D-02
    1.743029226223615D-02    1.114073948680875D-01   -1.424978588842955D+00
   -3.875560703623786D-03    2.439988212461131D-02   -4.585411381617218D-02
    2.620686033132587D-03   -1.800868496860989D-02    2.655405825476986D-02
   -4.617563124480026D-01   -7.553846903404845D-01    1.121442219783523D-02
    6.939608304319803D-02   -8.892701372770700D-01   -3.754123153743451D-03
   -2.128309986102603D-02    2.757904530204503D-01   -1.840127484485808D-03
    1.226536474091641D-04    2.914966260589359D-03   -5.781459492655472D-04
   -9.484923495262016D-03    1.013793860657451D-01    2.261850646342633D-01
    1.015675101804770D-01    2.260914906758758D-01    6.453277368795539D-02
   -1.742556015231773D-02    6.472711095572735D-02   -1.733672753442179D-02
    1.122748606029578D-05   -1.939829397199326D-05   -4.278454405639387D-05
    3.917706005078747D-03   -7.914678574445648D-02   -6.155688441138841D-03
   -4.269707301232665D-03    8.598000652158787D-02    6.996530401398345D-03
    8.453216742837933D-04   -1.011885508749337D-01   -3.937274234336521D-03
    5.138039533909709D-03   -4.004418194096664D-03   -6.538402491039930D-06
    7.726891739507537D-05    2.170626662946278D-04    2.636316833739256D-02
   -5.319640231065643D-01   -4.104617114912164D-02   -6.653959097684764D-02
    1.343187962682946D+00    1.040620064969306D-01   -1.097140180238485D-03
    1.306849924985246D-01    5.097389310679262D-03   -6.637382286311663D-03
    5.181440603545814D-03   -3.786388105661802D-01    1.288217027833754D-01
    3.785735180265848D-01   -1.289145494385749D-01   -4.442343489932843D-01
   -2.351398283435109D-01    4.441747859828316D-01    2.351256626606893D-01
    2.728290461080681D-03   -2.365858423438019D-01    9.286216477646227D-02
   -2.087628372010911D-03   -1.344894632334940D-02    1.720311896550988D-01
   -1.194765121500068D-03   -7.627465277324113D-03    9.770312384299776D-02
    6.522607919024594D-03   -8.933134650460007D-04   -9.127099593812586D-03
    2.001781173320000D-03    3.360018717491529D-02   -4.814899805979807D-02
   -1.046078471278864D+00    2.022362063409957D+00   -9.503926625108919D-04
   -5.966510790550446D-03    7.658532239547361D-02    4.200329417584819D-03
    2.678447965691167D-02   -3.435452581302680D-01    1.618460522999058D-02
   -8.930549955571574D-03   -8.262362018396972D-03    3.893096728897945D-03
    8.284241930047773D-02   -1.709033357308735D-01   -3.194309639714491D-02
   -1.709220371124056D-01   -3.193650429753933D-02   -5.841592585372485D-01
   -1.877240960648617D-01   -5.841850520366988D-01   -1.877650773428023D-01
    5.516657944109160D-05   -1.837780187204944D-04    4.365862862660597D-04
   -9.601577087724070D-01   -4.641959218732195D-02   -1.493502906918136D-02
    1.278134401347286D+00    6.182813352024592D-02    1.931057622923241D-02
   -2.166884460004793D-03    1.290204638984184D-03    2.425747368406517D-04
    2.730147093389028D-02   -1.979076602539137D-04   -6.202529277238224D-05
    2.402872362660578D-04   -9.810842908604827D-04    2.618456008658093D-01
    1.261477493831109D-02    4.490664418598622D-03   -6.627770279456763D-01
   -3.194395797947949D-02   -1.125858330443467D-02    4.257715778433084D-03
   -2.528042701819760D-03   -4.745769017320777D-04   -5.403597850495885D-02
    2.366992277023746D-04    6.302055019881286D-04   -1.105135610299923D-04
    6.158195519407007D-04   -9.819923145637686D-05   -1.672347199247591D-04
    9.094651795524547D-05   -1.782266165296215D-04    1.200158032168749D-04
   -5.976089148091247D-02    1.991643847937019D-01   -4.299025522329469D-01
    4.334843156221650D-03    3.351609433619743D-02   -4.292839240297956D-01
   -1.346370943217076D-02   -9.408538200628892D-02    1.204253296961552D+00
    1.748473381131697D-02   -3.063986981831905D-03   -2.304115510551757D-02
    5.278198480348364D-03    9.000052243385434D-02    6.254816332666981D-02
   -2.606089937820879D-01    1.044379971971971D+00    3.825975863384793D-03
    2.293165492837801D-02   -2.933610204651820D-01   -8.732653614447132D-03
   -5.165851369439264D-02    6.607625913675980D-01   -9.969738603396994D-04
   -1.855919906847362D-02    4.152617479745606D-02   -3.353959137904396D-03
   -6.701462111120175D-03   -6.682309243416216D-01    9.239350118874963D-02
   -6.682341132517132D-01    9.238487884953038D-02    1.755968943911356D-01
   -1.146938566286398D-01    1.755800210775017D-01   -1.146614215909277D-01
    5.043333903880243D-09    4.404815203613467D-06    1.570067038536136D-05
    1.038527927975228D-02   -2.093387960894897D-01   -1.623009058321230D-02
    9.323624755951091D-03   -1.886523900809572D-01   -1.465497150225795D-02
   -1.498872686855352D-03    1.793135450482240D-01    6.996340467864913D-03
   -9.108496476546756D-03    7.104151440841421D-03   -6.555403450493345D-07
    1.334652112828836D-05   -4.661488078735373D-05    4.780524105466519D-02
   -9.652830371571594D-01   -7.486176431213885D-02   -1.168986766210594D-01
    2.360371551886076D+00    1.830226101069507D-01    1.353548820474220D-03
   -1.606353521337043D-01   -6.266726940851250D-03    8.160412552789837D-03
   -6.363712038387797D-03    2.998802562131347D-01   -4.762450289163757D-01
   -2.998749915880063D-01    4.762594500575959D-01    3.750332233481444D-01
   -1.677968085016497D+00   -3.750527544517186D-01    1.677988494043158D+00
   -3.043712509805771D-02    2.994059745002620D-01    2.202604088978827D-01
   -4.953979094934849D-03   -3.179974471558276D-02    4.065148277257726D-01
    1.086373815319962D-02    6.959295365676897D-02   -8.898104164582876D-01
    7.786087812284979D-03   -1.807338699836327D-02    2.560385070700543D-02
   -3.468692106508367D-04    3.869309001519227D-02   -3.796525758723947D-02
    1.473116983608943D+00   -3.425040356367267D+00    4.422214245629234D-03
    2.832969849240702D-02   -3.622448309455668D-01   -1.093375752105093D-03
   -7.162007713641407D-03    9.108689686139687D-02    8.256587647708960D-03
   -4.347309647755089D-03   -4.652104035431345D-03    2.021747462020696D-03
    4.228010500822291D-02   -3.140145163594888D-01    5.233551998945222D-01
   -3.140278693734802D-01    5.233983371302301D-01   -4.286319282290763D-01
    1.139084882219750D+00   -4.286054674648440D-01    1.139008366356221D+00
    7.421196202379527D-07   -4.359143068802431D-06   -2.933381542041552D-05
    4.987867726934855D-02   -1.006604423688826D+00   -7.809958255891707D-02
   -8.863902319029575D-02    1.788832201773235D+00    1.388026179519558D-01
   -5.851717727040702D-04    7.006688086946437D-02    2.732467742159904D-03
   -3.561496174969223D-03    2.775832917838433D-03    2.292328507127816D-06
   -3.313772868617590D-05    1.113262326925646D-04   -1.810171263379265D-02
    3.654941379721711D-01    2.834156306655494D-02    5.135897616899035D-02
   -1.036856417639783D+00   -8.038179726066615D-02   -2.341071320883478D-05
    2.442230141993717D-03    9.694151991844000D-05   -1.219270698155211D-04
    9.526622565319065D-05    3.306133672844390D-01   -1.193733659697944D+00
   -3.305970385841429D-01    1.193692450059682D+00   -2.926225281897810D-01
    7.519415456968896D-01    2.926437469547595D-01   -7.519927302637428D-01
   -3.824555927187222D-02    2.342905164775791D-01    4.474041248211006D-01
   -9.564914602408079D-03   -6.134906216223834D-02    7.846993845338167D-01
    2.224656027089250D-02    1.425007764922407D-01   -1.822867656783566D+00
    8.732371002412604D-03   -1.808337588644909D-02    2.402493377942994D-02
   -4.299560385686133D-05    4.358283402430143D-02    1.576182801529647D-03
   -4.128116397708833D-01   -4.945505976543555D-01   -5.765544426788301D-03
   -3.685759002270128D-02    4.716236635765726D-01    1.918347472844676D-02
    1.225104847218864D-01   -1.567541696441886D+00   -1.134816905368628D-02
    3.229747249731760D-02   -5.010365604505709D-02    1.463714402660058D-03
   -5.593786270267687D-02   -3.556058213422441D-01    9.374609660070858D-01
   -3.556169792905753D-01    9.374915072543433D-01    3.823419193996399D-01
   -8.156640971337213D-01    3.823446774228851D-01   -8.156702419248310D-01
    2.432177825451752D-03    1.873727930529096D+00   -4.910734404338613D+00
    6.815260265682331D-04    4.296988792735071D-03   -5.468502030260165D-02
   -1.485470090555800D-02   -9.476737263301679D-02    1.210916765677659D+00
   -1.419346520774293D-02    4.671330880654732D-03    1.402149917846982D-02
   -3.900061985265467D-03   -7.284078248687492D-02   -7.247054463598312D-03
   -5.535489399869662D-01    3.374886054617555D+00   -5.666906640861082D-04
   -3.683333633536246D-03    4.719544098910929D-02   -1.829640814921368D-02
   -1.166631215292906D-01    1.493939183529549D+00    7.662460402656374D-03
   -3.080904889462419D-02    5.315213681163963D-02   -2.446855314348761D-03
    3.706208932950077D-02    1.521018314741353D-01    3.963710235141455D-01
    1.520424865533735D-01    3.963167880894426D-01   -9.584057511369928D-02
   -1.882976410740616D-01   -9.577661733397211D-02   -1.882501768363522D-01
   -2.128262803901725D-06   -9.231948342896911D-05    3.119242431763108D-04
   -2.164809618344764D-02    4.364634936094633D-01    3.385340240166426D-02
    1.346476853913742D-01   -2.717644875940290D+00   -2.109203410935383D-01
   -1.826202609432564D-03    2.538438409091990D-01    9.901849926331072D-03
   -1.294975047617797D-02    1.005134083407588D-02    8.498225724543027D-07
    1.160648627452693D-05   -2.394045420327174D-04   -3.230976342611042D-03
    6.459111671972025D-02    4.990608425428456D-03   -1.282247943263428D-01
    2.588959686206805D+00    2.006338183940500D-01   -8.227608034380604D-04
    1.247600311170525D-01    4.863749042336983D-03   -6.239969691860519D-03
    4.926905997896350D-03    6.822821290918345D-01    5.933322197917228D-01
   -6.822909528491105D-01   -5.933320299961532D-01   -6.596965246416518D-01
   -8.402970345266743D-01    6.597014149198230D-01    8.402984387419242D-01
   -1.339415349653927D-06   -4.819475012753885D-05    1.454273253737189D-04
    1.748109951188779D-01    8.498896163122769D-03    2.807731909814469D-03
    5.635478484411246D-03   -9.018415324833888D-05    1.646966113542423D-05
   -4.786040029482325D-02    2.863582191351196D-02    4.869548000745164D-03
    6.077584492972242D-01   -2.548604197889793D-03    1.349562358816566D-06
    1.879909597569714D-05   -1.243883020285752D-04    2.111243729644347D-01
    1.020686199010416D-02    3.378372326867309D-03   -8.525737453636779D-02
   -3.756391357314443D-03   -1.381341021183810D-03    4.808065516803473D-02
   -2.870062303078484D-02   -4.889669055719914D-03   -6.103424975533696D-01
    2.583018451532334D-03    7.348586271454545D-05    7.922315256353429D-05
   -1.107663900253427D-04   -7.923316183499067D-05   -7.960423252447218D-05
   -1.103556241120075D-04    1.049402977981774D-04    1.251217599198670D-04
    4.599371863080723D-07    2.078667331085556D-05   -5.912151407337062D-05
    7.789342495764699D-06   -1.902612025710688D-04   -1.436600304188881D-05
   -5.789723987426265D-05    1.167564862245638D-03    9.772632072082531D-05
    6.643776879485769D-01    1.299720104466430D-02    4.073815988433131D-04
    5.112242350644908D-02   -3.259135217959516D-02   -6.590067699604576D-07
   -1.112384320321293D-05    5.017679439549846D-05   -2.100455712907186D-07
   -3.431771060645273D-05   -1.113293197622282D-06    5.796861342390652D-05
   -1.154848922460583D-03   -8.004624689869855D-05    6.764896615191272D-01
    1.336151000579837D-02    4.202333732302772D-04    5.206017204805823D-02
   -3.316931176816932D-02   -2.703541435192963D-04   -2.675431383818322D-04
    2.838922721607052D-04    2.802796749178302D-04    2.877178859979483D-04
    3.869238123124537D-04   -2.976868137419593D-04   -4.024102447264658D-04
   -1.718734996546288D-06   -2.625179466399413D-05    5.983592808341221D-05
    2.053295152251703D-06   -4.141535651836032D-05   -6.952710735131983D-07
   -2.261146692864180D-06    2.316460247682097D-05    4.311262037653983D-05
    7.428644794802517D-01    1.457465957205015D-02    4.587816995474735D-04
    5.716659372296461D-02   -3.647258994968561D-02   -2.903498842654352D-06
   -2.138747848223618D-05    7.886839735145170D-05    2.850231108492122D-06
   -5.485342731857625D-05   -1.203557698112797D-05    6.025773106401114D-06
   -1.088377915877684D-04   -2.215576716887541D-05   -7.318682680666001D-01
   -1.438687531081507D-02   -4.489236281111613D-04   -5.631830203394805D-02
    3.584775608392127D-02    6.600201275238731D-06   -2.958050769821605D-05
   -8.871552036396388D-05    1.117480207839512D-06    5.955969617932738D-05
    2.175003065211115D-06   -1.385691334725112D-04   -2.372831684659885D-05
    1.662228303055434D-02    2.716854029354188D-01   -5.702702078381503D-01
    6.965183888887116D-04    4.454468825892142D-03   -5.703759122441620D-02
    4.406985681875203D-03    2.850102914823443D-02   -3.646052276552542D-01
    6.200952691882618D-02   -3.496134091223079D-02   -2.987255869228373D-02
    1.476161823781938D-02    3.168022820051161D-01    3.172565043023928D-02
    2.209007596591264D-01   -7.521383612004912D-01   -1.211513532352740D-03
   -7.746450143760343D-03    9.903325262630334D-02   -1.298068084920024D-03
   -8.466445756489102D-03    1.084922279735304D-01    7.597375750454538D-02
   -4.182616223267289D-02   -3.906769308289525D-02    1.833300893065814D-02
    3.892663827881371D-01    4.142262798214242D-01    1.212537223981585D-01
    4.142243263062808D-01    1.212603507563878D-01    4.183308572480283D-01
    7.772407103648275D-02    4.183257048501289D-01    7.773830896065813D-02
    3.624379057311929D-07   -2.469004371709916D-05    2.987243962922821D-05
    5.609870697554200D-03   -1.132441160686699D-01   -8.767407885617877D-03
    4.620454267989763D-02   -9.322909928884254D-01   -7.236789848943521D-02
    4.433772228260519D-03   -5.486006978178666D-01   -2.139716155317214D-02
    2.784757088007460D-02   -2.172287324324247D-02   -1.421557650456500D-06
   -2.968382014420982D-05   -1.770964894645399D-05    1.426671421015905D-02
   -2.880404505877256D-01   -2.235334952492334D-02   -1.616978914073629D-02
    3.262393373220190D-01    2.529727372668003D-02   -6.691646663220246D-03
    8.066340760535361D-01    3.147563273800793D-02   -4.097852680856246D-02
    3.194827175706377D-02    6.266411410311554D-01    1.481337164211534D-01
   -6.266127441735069D-01   -1.481271310924940D-01    4.767400789280363D-01
   -3.248712372819171D-01   -4.767382509821550D-01    3.248648856292066D-01
    2.053933353420770D-02   -5.487291341976042D-01    1.507185031374218D-01
   -5.438378576284770D-03   -3.469845518042214D-02    4.440163384987428D-01
    8.159266333840150D-03    5.233600963198618D-02   -6.692106385548963D-01
    2.786793827708194D-02   -9.429206332063418D-02    1.552352029140811D-01
   -5.964976763867719D-03    1.360776945340339D-01   -3.049864626678814D-02
   -4.942946424130127D-01    9.200692482658332D-02    2.546845233277068D-03
    1.624922002634692D-02   -2.077497199539944D-01   -3.642467021301425D-03
   -2.338110788009630D-02    2.989929471959231D-01    5.387748935675184D-03
   -1.139370261165846D-01    2.353608021011076D-01   -1.648827673932736D-02
    1.849059379286990D-02    2.296487624937137D-01    1.939647694358746D-03
    2.297053920445482D-01    1.934841739835013D-03    1.357462784349677D-01
   -5.678853200320238D-02    1.357891157867805D-01   -5.682021539681092D-02
    3.002364915553594D-02    5.369190693929902D-01   -1.495255302831674D+00
    1.935605116147130D-03    1.247340501104567D-02   -1.596255692205901D-01
   -1.931038763058615D-03   -1.149804475777262D-02    1.478790934631102D-01
    8.336770553598966D-02   -6.186664899481208D-02   -8.416223198125938D-03
    1.766032831809672D-02    4.253180043986253D-01   -2.841067634694082D-02
   -1.533664762740099D-01    1.085793928028237D+00    3.969414247835319D-04
    2.352255005284963D-03   -3.006309501016013D-02   -2.289404898735843D-03
   -1.512279981248042D-02    1.928142546218715D-01   -7.353572797006649D-02
    7.750092080462338D-02   -4.178482280509298D-02   -1.152625277699538D-02
   -3.732330695437835D-01    5.510364863747315D-01    2.741844615675713D-03
    5.510883131935516D-01    2.765340463821710D-03   -4.335305525008177D-01
    4.017219291433702D-03   -4.335465074340675D-01    3.973839586094221D-03
   -7.960876726843807D-06   -1.014846117237635D-04    3.336772652622932D-04
   -6.000597043651691D-02   -2.901721045414674D-03   -9.379773326746966D-04
   -3.707241395588443D-01   -1.791460491323640D-02   -5.951550154802253D-03
   -7.383479589058058D-02    4.411187425079269D-02    7.503628586924898D-03
    9.371172946857617D-01   -4.067913850354547D-03    6.534986206180763D-06
    4.719472009531630D-05   -2.386398986632980D-04    1.675696532895567D-01
    8.088778862025329D-03    2.692551295962483D-03    2.832687210416455D-01
    1.369307218838377D-02    4.476068792245273D-03   -7.398509224784024D-02
    4.420740915326785D-02    7.527432872992637D-03    9.394786817638170D-01
   -3.907414219308756D-03   -1.403228427785513D-04    9.113639510465892D-06
   -1.559046599710450D-04    9.334045536368761D-06    8.423361135165694D-05
   -5.334565945586991D-06    6.703430699412536D-05    1.073820871203139D-05
   -8.063692272418672D-02   -1.420866527035514D-01    2.598958518707739D+00
    6.467022835287396D-03    4.128030368183423D-02   -5.279921562796662D-01
    2.102828911709708D-02    1.342203199063378D-01   -1.718461152344777D+00
    1.289609148799186D-03   -1.718038797427026D-01    3.662410954198055D-01
   -2.714379412939976D-02   -7.476620454670427D-03    3.602745897761202D-02
   -7.013626010213055D-01   -2.150056221494160D+00    1.247018500506386D-02
    7.958820203242063D-02   -1.018530525690791D+00    1.487986820795319D-02
    9.511743906006515D-02   -1.215757410599008D+00    2.884273318808702D-03
    1.321187426693561D-01   -2.887542139738956D-01    2.220201372760927D-02
    2.576260231931263D-02   -6.578510111780386D-03    1.697775344210284D-01
   -6.751372214744578D-03    1.697744526510606D-01    2.565644329540475D-02
   -2.702087803260912D-02    2.576995838297399D-02   -2.697705078548028D-02
    1.155670977453855D-05    1.573543207078056D-05   -3.462624401961801D-04
   -3.647362857864260D-03    7.362391936181834D-02    5.787133444277142D-03
    3.449389515877817D-02   -6.962419012716365D-01   -5.379292906360222D-02
    9.191334093512697D-03   -1.100309774718186D+00   -4.298206757166542D-02
    5.590245467613401D-02   -4.359413787671160D-02   -5.488766024166402D-06
    9.771707700027269D-05    2.757204129579440D-04    6.684627842528043D-03
   -1.349346943668996D-01   -1.032221472227309D-02   -3.251486788686626D-02
    6.563854524246642D-01    5.104986754706807D-02    7.408649220952347D-03
   -8.797308280108759D-01   -3.427830805794117D-02    4.468283148147142D-02
   -3.486153835178805D-02    6.633622262554302D-01   -2.508023591187196D-02
   -6.633382914071175D-01    2.504401248074443D-02   -4.079066789712055D-01
   -1.346705886096871D-01    4.078877683767135D-01    1.346751980796173D-01
orbocc
(1p3d25.15)                             
    2.000000000000000D+00    2.000000000000000D+00    2.000000000000000D+00
    2.000000000000000D+00    2.000000000000000D+00    2.000000000000000D+00
    1.665751248061270D+00    1.632692524647615D+00    7.015562272911157D-01
    0.000000000000000D+00    0.000000000000000D+00    0.000000000000000D+00
    0.000000000000000D+00    0.000000000000000D+00    0.000000000000000D+00
    0.000000000000000D+00    0.000000000000000D+00    0.000000000000000D+00
    0.000000000000000D+00    0.000000000000000D+00    0.000000000000000D+00
    0.000000000000000D+00    0.000000000000000D+00    0.000000000000000D+00
    0.000000000000000D+00    0.000000000000000D+00    0.000000000000000D+00
    0.000000000000000D+00    0.000000000000000D+00    0.000000000000000D+00
    0.000000000000000D+00    0.000000000000000D+00    0.000000000000000D+00
    0.000000000000000D+00    0.000000000000000D+00    0.000000000000000D+00
