 title                                                                          
(16i5)              mcdrt
    2 1600   10
(26i3)              info
  6  3  1  8  1  1 16  4  6  6
(8a4)               slabel
 a  
(40i2)              doub
 1 2 3 4 5 6
(40i2)              symd
 1 1 1 1 1 1
(40i2)              modrt
 7 8 9
(80i1)              syml
111
(40i2)              nj
 1 3 3 1
(40i2)              njskp
 0 1 4 7
(40i2)              a
 0 1 0 0 2 1 1 2
(40i2)              b
 0 0 1 0 0 1 0 0
(40i2)              l
 4 3 0 2 7 6 0 5 0 0 7 6 0 0 0 7 8 0 0 0 0 0 8 0 0 0 0 8 0 0 0 0
(40i2)              y
 5 3 3 0 2 1 1 0 2 2 1 0 1 1 1 0 0 0 0 0 1 1 0 0 1 1 1 0 0 0 0 0
(40i2)              xbar
 6 3 2 1 1 1 1 1
(40i2)              xp
 1 1 1 1 1 2 3 6
(40i2)              z
 0 0 2 5 0 1 3 0
(80i1)              limvec
111111
(40i2)              r
 0 1 3 2 4 5
(80i1)
330
312
303
132
123
033
