 2mocoef
header
                     2
Hermit Integral Program : SIFS version  srv-p22-12.cbls.c 15:10:16.593 22-Jun-21
mo coefficients generated by scfpq                                              
                     1
                    36                    36
 A  
mocoef
(1p4e20.12)                                                                     
  9.959801764965E-01  2.376017840204E-02 -1.240477998835E-02  8.623164118736E-06
  5.436398807217E-05 -6.956271844854E-04 -1.736888780500E-05 -1.099026735557E-04
  1.406801684342E-03 -5.052361863899E-06 -4.148896682948E-05  9.763352560648E-05
 -8.317124664855E-06 -2.949196996763E-05  1.009565332335E-04 -6.613237324934E-04
  4.736508615971E-03  5.689297132879E-06  3.625152369450E-05 -4.637517086513E-04
 -2.734766493449E-05 -1.747889614499E-04  2.235693825697E-03 -1.721185155815E-06
  9.056860374187E-05 -1.914710795460E-04  1.399456181230E-05 -1.447977199997E-06
 -1.070191130525E-05  1.787106989935E-03 -1.066598828050E-05  1.787136676101E-03
 -2.131186923314E-04 -1.468855801685E-04 -2.131305755270E-04 -1.469444725769E-04
 -3.724123938017E-04 -1.666341871657E-04  1.611814283683E-04 -4.716534103264E-06
 -3.010810828463E-05  3.851613283954E-04 -8.188423769365E-06 -5.208881553937E-05
  6.672335548056E-04  1.501018821096E-05  7.216642126943E-05 -1.803305802220E-04
  1.653387827873E-05  8.343940785862E-05  9.961381984856E-01  2.372260772019E-02
 -9.815539661844E-03 -1.439817318329E-05 -9.184057625318E-05  1.174984422763E-03
 -1.110708481641E-05 -7.124328852025E-05  9.112273375819E-04 -5.197556102348E-05
 -7.518239698696E-05  2.494219892783E-04 -2.916095327359E-05 -2.745690144891E-04
 -7.589688535513E-06  6.579478317949E-05 -7.558007150778E-06  6.584667936414E-05
 -3.322175096935E-04  2.587346697999E-03 -3.322164472296E-04  2.587314278377E-03
 -1.918553264259E-01  4.038820892263E-01  4.064726193685E-01  9.378132150895E-04
  5.951405684703E-03 -7.615580778435E-02  2.976542449349E-04  1.875136496205E-03
 -2.400061807201E-02 -1.464187357450E-03 -3.578484576897E-04  3.248484131817E-03
 -5.381646966547E-04 -7.586226716834E-03 -1.101464861625E-01  2.225255221548E-01
  7.419105696659E-02 -1.801090696814E-03 -1.150522293254E-02  1.471939258338E-01
  1.649799649590E-04  1.054127810906E-03 -1.348844318940E-02 -4.110884583616E-04
 -2.787805018567E-03  6.680512695447E-03 -5.827851249466E-04 -2.352174442973E-03
  9.519496100083E-02 -1.262982561132E-02  9.519593387529E-02 -1.263020664640E-02
  3.775738874354E-02 -2.056633125772E-03  3.775808910121E-02 -2.056297019099E-03
 -7.777559658488E-02  1.679383038687E-01  2.533777971494E-01 -3.591782585735E-03
 -2.300909797044E-02  2.944051014883E-01 -1.607476978671E-03 -1.030849153182E-02
  1.319068472358E-01 -1.886084916963E-03  2.919922438385E-03 -3.071713547786E-03
 -1.494917003128E-04 -9.494328153446E-03  1.612798862214E-01 -3.437717774775E-01
 -2.887947647239E-01 -5.428013873061E-04 -3.488394044402E-03  4.464804884398E-02
 -3.775988499704E-04 -2.412112004624E-03  3.086340473977E-02  2.155353742013E-03
 -1.355768292756E-03 -7.415206263165E-04  4.915681625577E-04  1.101857186450E-02
  1.282204281926E-01  1.053143412430E-02  1.282169344533E-01  1.053156318299E-02
 -1.334583625273E-01 -2.464702427938E-02 -1.334586429063E-01 -2.464725329507E-02
 -3.570665675238E-07  1.063394268557E-06  1.270800947562E-06 -2.167766597690E-02
  4.375041312591E-01  3.393502072688E-02 -1.323548955993E-02  2.671183818791E-01
  2.071951955491E-02 -1.359560325483E-04  1.663064847132E-02  6.490377122236E-04
 -8.447615000171E-04  6.590604952538E-04 -1.912557845867E-06  4.504059111293E-06
  5.789994613691E-06 -1.308527651894E-02  2.641589177278E-01  2.048073347401E-02
 -3.603678164992E-03  7.275227082884E-02  5.640198025968E-03 -2.060224113164E-05
  2.412660453976E-03  9.411605796140E-05 -1.228770510046E-04  9.556848952469E-05
  1.844768753290E-01  2.829905817988E-02 -1.844770815083E-01 -2.829969604001E-02
  1.044742299102E-01  4.508808272927E-02 -1.044693000468E-01 -4.508729992011E-02
  1.196214606745E-02 -2.821464418622E-02 -9.536277901427E-03 -4.813987010795E-03
 -3.083738807723E-02  3.944557930276E-01 -2.585125356936E-03 -1.657128224604E-02
  2.119627156098E-01 -1.296308067014E-03  2.466291405639E-03 -3.097721772724E-03
 -2.844112319652E-05 -6.487692777704E-03 -4.087214659578E-02  8.161038795727E-02
  2.101799865758E-01  5.229204444838E-03  3.338797482376E-02 -4.272358659557E-01
  1.208655398451E-03  7.723470895864E-03 -9.883438085261E-02 -2.311356144425E-03
  5.589736728297E-03 -8.082721339791E-03  1.386351319456E-04 -1.147519719261E-02
  1.024196599903E-01  3.079327947405E-02  1.024218568621E-01  3.079402884989E-02
  1.512530280297E-01  6.824083098713E-02  1.512540669486E-01  6.824191625276E-02
  2.931065882253E-07 -5.960424932096E-07 -3.152747901422E-06 -1.295665061019E-02
  2.611473209999E-01  2.025385857069E-02 -1.136340060884E-02  2.291083447243E-01
  1.777012781725E-02 -2.770966004410E-04  3.326639998015E-02  1.298059259830E-03
 -1.688983271576E-03  1.318203425158E-03 -2.918619434109E-07  6.204475607575E-07
  2.707702912747E-06  2.055808045098E-02 -4.152508356238E-01 -3.220232217520E-02
  1.341019397477E-02 -2.708260192394E-01 -2.100083703900E-02 -3.429604354936E-04
  4.086044357021E-02  1.593868752429E-03 -2.076420813144E-03  1.618735304948E-03
  1.391304435898E-01  5.328188909286E-02 -1.391321590810E-01 -5.328319489238E-02
 -2.188704587527E-01 -9.241617592285E-02  2.188721712107E-01  9.241770134800E-02
  5.161390131771E-06 -1.379318368999E-05 -1.633200063880E-05  5.192204226673E-01
  2.509278545908E-02  8.299406955447E-03  3.903519153959E-01  1.886596145922E-02
  6.241078567988E-03  1.890929547413E-03 -1.128438164392E-03 -1.924530342983E-04
 -2.400769010319E-02  1.025111298961E-04 -2.311474600729E-06  5.239451946123E-06
  2.406384892052E-06  2.906111877892E-01  1.401936001254E-02  4.660900892908E-03
  1.536070315529E-01  7.407451305396E-03  2.461325452206E-03 -2.886582691951E-03
  1.726028007369E-03  2.937384562890E-04  3.664591635951E-02 -1.550512815141E-04
  8.348700025024E-06  2.609343168010E-06 -1.471672791409E-06 -2.842662221897E-06
 -9.722955600800E-06 -5.043540070469E-06  6.082912007316E-06  3.253168741463E-06
 -4.488012401531E-06  9.536808337649E-06  3.481665209367E-05 -3.345636710588E-01
 -1.616371488114E-02 -5.343814730476E-03 -5.228735314410E-01 -2.526076850614E-02
 -8.351712893732E-03  2.232471086161E-03 -1.333009110716E-03 -2.267505125193E-04
 -2.834228829491E-02  1.197202236299E-04 -1.206834254196E-06 -4.851496413922E-07
  2.592359186050E-05  4.525330618683E-01  2.185180952561E-02  7.238524534869E-03
  7.091073271129E-01  3.423825903467E-02  1.134960157660E-02  1.598504043170E-03
 -9.555099123389E-04 -1.625765996257E-04 -2.029494786822E-02  8.605590100351E-05
 -6.987068273527E-06 -1.463681849739E-05 -1.244803082207E-05 -2.686079123932E-05
 -9.749201047801E-07 -8.255201748308E-07 -5.034618710635E-06 -1.314474247573E-05
 -1.011104143481E-01  1.514676321836E-01  1.619024305875E+00 -1.667313423310E-03
 -1.079756418758E-02  1.380601829226E-01 -4.297074818699E-03 -2.787027461156E-02
  3.563749044022E-01  3.220241954713E-04 -1.292847273807E-03  2.230905801939E-03
 -1.006902598219E-04  1.557123827897E-03 -2.728883483346E-02  6.011507864968E-02
  4.994644993224E-01  1.590216514914E-03  1.018826170745E-02 -1.304623435269E-01
  6.686741666660E-03  4.288808299784E-02 -5.490775142480E-01  8.402549491430E-04
 -1.961826223044E-03  2.786607645490E-03 -3.710344966680E-05  4.176553863566E-03
 -7.369288083444E-02 -1.021407947213E+00 -7.369749547151E-02 -1.021451487346E+00
 -1.350993827908E-02 -5.104496509875E-01 -1.351345503294E-02 -5.104985432806E-01
  4.665505123132E-06 -7.391699841158E-06 -7.166536980631E-05  1.315222106760E-02
 -2.653640888497E-01 -2.058797719748E-02  3.452600233213E-02 -6.965682910658E-01
 -5.404036029520E-02 -2.687277940434E-04  3.194959767558E-02  1.246662215347E-03
 -1.622873940516E-03  1.266091597293E-03 -3.643343751548E-06  5.537436647485E-06
  4.490154238465E-05  1.173462964732E-02 -2.369668629217E-01 -1.837471032499E-02
  3.067638802880E-02 -6.195915705962E-01 -4.804459992838E-02  2.480460861872E-04
 -2.937757307057E-02 -1.146083504681E-03  1.492600142509E-03 -1.164020377498E-03
  9.161424475909E-02  1.094144630267E+00 -9.160759792882E-02 -1.094058368882E+00
  5.787722951925E-02  8.524374499281E-01 -5.788054910867E-02 -8.524905100717E-01
 -5.803823072329E-02  9.484651914114E-02  8.390527630527E-01 -1.954513592493E-04
 -1.310636787988E-03  1.668691742545E-02  8.687607367795E-04  5.428484731252E-03
 -6.961408836325E-02 -9.178147801261E-04  1.481862409539E-03 -1.621823085197E-03
 -6.507106194739E-05 -4.618469532288E-03  1.247352423426E-01 -1.891414291107E-01
 -2.053420953604E+00 -1.566810223031E-03 -1.005311466486E-02  1.284926627037E-01
 -4.685687143373E-03 -3.005775887013E-02  3.841539095991E-01 -6.863484828023E-04
  3.482626783172E-04  4.136579990753E-04 -1.691130043019E-04 -3.516342135876E-03
 -3.251980543279E-02 -4.607297273147E-01 -3.252502152066E-02 -4.607868139771E-01
  6.888442859740E-02  1.334026530511E+00  6.888013876795E-02  1.333936456341E+00
 -8.272155974484E-07 -2.582452311858E-07  2.906370865808E-05  1.162268216508E-02
 -2.345751801707E-01 -1.818990195964E-02  5.353463943241E-02 -1.080557074023E+00
 -8.381130244908E-02  1.995529133011E-04 -2.377779453913E-02 -9.276049653032E-04
  1.207451017979E-03 -9.423300200882E-04  7.105539536451E-07 -2.423184605528E-07
 -3.150267246631E-05 -1.521277364727E-02  3.071968448951E-01  2.382561197173E-02
 -8.087609279086E-02  1.632840561404E+00  1.266208202839E-01 -1.453513665242E-05
  1.904860659618E-03  7.416714139050E-05 -9.640036908744E-05  7.536084829367E-05
 -1.028733398601E-02  1.062353174212E+00  1.028509218539E-02 -1.062379212522E+00
 -1.959769767026E-02 -1.630385868734E+00  1.959987733614E-02  1.630419502790E+00
 -5.385690236376E-02  3.578086028740E-02  2.039983862539E+00  3.697301690535E-03
  2.369150660850E-02 -3.030811052436E-01  2.197625240901E-02  1.404964766080E-01
 -1.797568767479E+00 -1.448186478948E-03 -1.588628912346E-03  5.861632457118E-03
 -7.311440226814E-04 -7.604300379298E-03  6.088186942470E-02  3.471287428117E-02
 -2.341297127023E+00  8.460118031564E-04  5.441844644368E-03 -6.959264464831E-02
  3.140688258812E-02  2.004896069355E-01 -2.564949734043E+00  1.673965218283E-03
 -5.287150198481E-03  8.512006285959E-03 -2.998510215726E-04  8.210566813485E-03
  4.417564540955E-02  6.715842327017E-01  4.417754489045E-02  6.715740382125E-01
 -5.475058334666E-02 -2.794402046033E-01 -5.475586683027E-02 -2.793923394447E-01
 -3.973977597902E-05  4.734707195483E-05  2.292298974229E-04 -2.140769636801E-01
 -1.035292249444E-02 -3.340020763460E-03  7.579207126124E-02  3.752186881176E-03
  9.960074670457E-05 -7.029404916962E-03  4.214507515144E-03  6.794898347395E-04
  8.920689277511E-02 -3.915587577953E-04  2.046549865767E-05 -3.544806663251E-04
 -6.096285625847E-04 -1.026853926535E+00 -4.953692278978E-02 -1.712827340883E-02
  1.054318183022E+00  5.090756115565E-02  1.713018911196E-02  3.722938294445E-03
 -2.223040091327E-03 -3.773412400477E-04 -4.728384566713E-02  1.929647513595E-04
  8.306484707593E-05  1.652547866216E-04  9.363897344498E-05  1.485429013485E-04
  4.748507485578E-05  2.960311647072E-06  5.800733133652E-05  1.446440716157E-05
  5.045923349996E-02 -5.096033688811E-02 -3.017527434783E-01  9.698898992706E-04
  7.229806970408E-03 -9.242491079360E-02 -1.744120740411E-02 -1.118681453883E-01
  1.431000859542E+00  3.862053307228E-03 -2.439206448832E-02  4.584385178474E-02
 -2.578119061652E-03  1.795662095853E-02 -2.654132823460E-02  4.513517770361E-01
  7.832238779866E-01 -1.168985822763E-02 -6.942376683604E-02  8.888656011530E-01
  4.332417872965E-03  2.221060710922E-02 -2.862233030730E-01  1.607624853704E-03
  1.354671989135E-04 -3.054389601488E-03  5.183777086382E-04  8.296826524227E-03
 -1.076883988068E-01 -2.278280196827E-01 -1.078229371089E-01 -2.277523135236E-01
 -5.924076825389E-02  4.258337473326E-04 -5.936857392700E-02  3.588598649944E-04
  7.486389785423E-06 -1.731707536833E-05 -1.831369805078E-05  3.579903502617E-03
 -7.234173735592E-02 -5.622418997251E-03 -3.968224314053E-03  7.990732225828E-02
  6.426871056438E-03  8.486943883800E-04 -1.016300330079E-01 -3.957858370583E-03
  5.160843560956E-03 -4.023058137725E-03 -4.732653316090E-06  3.906365952491E-05
  1.765668469213E-04  2.714195528444E-02 -5.477030925497E-01 -4.232994667882E-02
 -6.843494280033E-02  1.381518568145E+00  1.070518433167E-01 -1.095047564831E-03
  1.304058242726E-01  5.086694965874E-03 -6.623357610897E-03  5.169739565576E-03
 -3.787896537593E-01  1.307876632293E-01  3.787340425177E-01 -1.308491708133E-01
 -4.316306453269E-01 -2.726729392580E-01  4.315795575690E-01  2.726480120920E-01
  1.333395310182E-03 -2.386149839809E-01  8.345852267270E-02 -1.922327564320E-03
 -1.240347052935E-02  1.586586271906E-01 -1.635936214258E-03 -1.045441000622E-02
  1.338697885389E-01  7.423279825810E-03 -1.065104823771E-03 -1.028370095302E-02
  2.270442381578E-03  3.823551283035E-02 -4.479816141331E-02 -1.091519327570E+00
  2.123393497706E+00 -9.855346143733E-04 -6.166654913008E-03  7.917924479731E-02
  4.204254028809E-03  2.680057919549E-02 -3.438338659587E-01  1.604476548201E-02
 -9.259734836141E-03 -7.319424257373E-03  3.794652299967E-03  8.209268530257E-02
 -1.943249545083E-01 -2.477353315691E-02 -1.943457593676E-01 -2.476613798803E-02
 -5.594106605200E-01 -2.306281679316E-01 -5.594380197129E-01 -2.306744860805E-01
  7.162145005814E-05 -2.413530295710E-04  5.199128602203E-04 -9.704591521942E-01
 -4.692693317466E-02 -1.497108415033E-02  1.255255925970E+00  6.074654910407E-02
  1.863856799566E-02 -1.902959269938E-03  1.130143102138E-03  2.215259074332E-04
  2.389949026247E-02 -2.038697228870E-04 -8.162889677877E-05  2.391423661902E-04
 -1.086770680892E-03  3.098524167577E-01  1.492657827991E-02  5.358832391733E-03
 -6.710365652865E-01 -3.233022324195E-02 -1.159388260243E-02  4.495559772174E-03
 -2.664540285072E-03 -5.105349786646E-04 -5.704143745299E-02  2.550624818901E-04
  7.892596915732E-04 -1.210290775976E-04  7.750611826879E-04 -1.099450136680E-04
 -2.285965118827E-04  8.077216770647E-05 -2.389607983533E-04  1.052367601909E-04
 -6.075409717029E-02  2.056581969649E-01 -4.092598177867E-01  4.241180437128E-03
  3.457304455929E-02 -4.429608730338E-01 -1.308632329584E-02 -9.360010688176E-02
  1.198219843278E+00  1.704577757942E-02 -2.621704404295E-03 -2.324704733842E-02
  5.208332044356E-03  8.777235276808E-02  6.533334348972E-02 -2.049159368498E-01
  9.103801889830E-01  4.196774590285E-03  2.451519703088E-02 -3.135434829851E-01
 -9.224572976509E-03 -5.365744735350E-02  6.862329617610E-01 -1.596124470689E-03
 -1.852958485675E-02  4.247824983264E-02 -3.564496615398E-03 -9.800237626058E-03
 -6.583282205093E-01  8.424094972489E-02 -6.583309750501E-01  8.423038835569E-02
  1.879401627735E-01 -8.052127609737E-02  1.879230275079E-01 -8.048791499990E-02
 -6.383910649728E-10  4.352909594625E-06  1.489347196990E-05  1.114423590399E-02
 -2.246789898805E-01 -1.741983553113E-02  8.933267433315E-03 -1.807409000240E-01
 -1.404151590491E-02 -1.522825578294E-03  1.822514735851E-01  7.110942747055E-03
 -9.257745826799E-03  7.220629599320E-03 -6.229619656106E-07  9.717705521494E-06
 -3.981171412671E-05  4.695179722182E-02 -9.480493716442E-01 -7.352445028863E-02
 -1.162393750767E-01  2.347044241540E+00  1.819875533990E-01  1.365774794168E-03
 -1.620631671149E-01 -6.322430789513E-03  8.233022402309E-03 -6.420219723345E-03
  3.154590964197E-01 -4.903178992796E-01 -3.154540950497E-01  4.903330063258E-01
  3.726777750818E-01 -1.673372688927E+00 -3.726964006700E-01  1.673387856844E+00
 -3.662049339276E-02  3.386855874831E-01  2.959048046328E-01 -6.848908430553E-03
 -4.396267339253E-02  5.620969631134E-01  1.519301099412E-02  9.733459050031E-02
 -1.244690902987E+00  9.520900351800E-03 -2.183037629717E-02  3.072961736144E-02
 -3.815317877312E-04  4.733873315208E-02 -3.755521519497E-02  1.339164630870E+00
 -3.417982434179E+00  3.034102567786E-03  1.946460561276E-02 -2.488259994495E-01
  2.970581339445E-03  1.879169017997E-02 -2.409690040320E-01  6.689273200014E-03
  1.695934446316E-03 -1.496963992419E-02  2.478496208712E-03  3.468473095260E-02
 -3.795720663967E-01  7.076508034357E-01 -3.795872742344E-01  7.076995450323E-01
 -3.506335860541E-01  9.445901429629E-01 -3.506078875774E-01  9.445156546382E-01
  1.414917132375E-06 -9.297989866894E-06 -3.536235306106E-05  4.985101145881E-02
 -1.006044028116E+00 -7.807190553051E-02 -9.021501755186E-02  1.820637742971E+00
  1.413067773039E-01 -5.198062955575E-04  6.219031463277E-02  2.424727017254E-03
 -3.161207889753E-03  2.462985668163E-03  2.111364343966E-06 -1.560894788687E-05
  1.032396336607E-04 -1.855705471151E-02  3.746915748600E-01  2.904240643054E-02
  5.414190857577E-02 -1.093058221583E+00 -8.470420604975E-02 -6.643116548516E-05
  7.554824277845E-03  2.974993800331E-04 -3.818995143096E-04  2.991780702232E-04
  3.172006606582E-01 -1.193406392787E+00 -3.171722396798E-01  1.193326899076E+00
 -2.961078731610E-01  7.889120125027E-01  2.961082506138E-01 -7.889143303687E-01
 -3.196299017817E-02  1.965718456879E-01  3.282773539893E-01 -8.208699398243E-03
 -5.268412591945E-02  6.736210310965E-01  1.926939143478E-02  1.234927492583E-01
 -1.579259681177E+00  6.993683284818E-03 -1.389073806787E-02  1.797339996511E-02
  5.962280657559E-05  3.495534450557E-02  1.058361839847E-02 -6.962568499704E-01
  2.333716254555E-01 -6.417333319272E-03 -4.101535860814E-02  5.248940841080E-01
  1.863256108806E-02  1.189919782515E-01 -1.522765493241E+00 -1.337740295349E-02
  3.232167481600E-02 -4.671758870507E-02  7.990587420234E-04 -6.641485574362E-02
 -2.881375249506E-01  8.204588105548E-01 -2.881593882686E-01  8.205335635899E-01
  4.734008610046E-01 -1.035100771664E+00  4.734124897215E-01 -1.035131116324E+00
  3.221410284251E-03  1.868768395227E+00 -4.921863684272E+00  7.991003728916E-04
  5.045675531851E-03 -6.428863021910E-02 -1.523308365338E-02 -9.716871131001E-02
  1.241755976691E+00 -1.447475973689E-02  5.039813515146E-03  1.370557632965E-02
 -3.933907974409E-03 -7.426342143596E-02 -7.990812794723E-03 -5.529738658770E-01
  3.402691018331E+00 -5.265593418416E-04 -3.433344425404E-03  4.400202649385E-02
 -1.855810098205E-02 -1.183492374343E-01  1.515396101453E+00  7.366952617543E-03
 -3.105652413850E-02  5.418367416062E-02 -2.583315660433E-03  3.551658660678E-02
  1.524773384247E-01  3.846435689114E-01  1.524218351594E-01  3.845939369859E-01
 -1.038598547009E-01 -1.807744610913E-01 -1.037988094869E-01 -1.807342755072E-01
 -2.150604219910E-06 -8.658393841977E-05  2.977274813220E-04 -2.113866410624E-02
  4.261474481854E-01  3.305334715923E-02  1.339250355799E-01 -2.703030315367E+00
 -2.097841677975E-01 -1.785703149059E-03  2.523856922060E-01  9.844969032554E-03
 -1.287824242644E-02  9.992167188821E-03  8.914921651764E-07  9.978274065616E-06
 -2.304545611564E-04 -3.458278994898E-03  6.908841046370E-02  5.339590549494E-03
 -1.274905950442E-01  2.574125340702E+00  1.994871926468E-01 -8.437300645054E-04
  1.302623010971E-01  5.078546284390E-03 -6.512442646847E-03  5.143756814121E-03
  6.823556544459E-01  5.877167002876E-01 -6.823634481647E-01 -5.877133469596E-01
 -6.657194303623E-01 -8.275615806423E-01  6.657248440278E-01  8.275610883091E-01
 -1.334880526051E-06 -4.635509455774E-05  1.409116064173E-04  1.759590011164E-01
  8.556754514375E-03  2.826380819592E-03 -4.518340438151E-03 -6.016376928981E-04
 -1.468239557822E-04 -4.769310468450E-02  2.853801202285E-02  4.852667951955E-03
  6.056405081656E-01 -2.539678250847E-03  1.400875827632E-06  1.816298848191E-05
 -1.213011114982E-04  2.295667861329E-01  1.109822616139E-02  3.673704271911E-03
 -7.721657650392E-02 -3.348562451767E-03 -1.250054134734E-03  4.812658298861E-02
 -2.872580167859E-02 -4.894133304013E-03 -6.109187080137E-01  2.585715722650E-03
  7.959874782333E-05  8.402549025803E-05 -1.159612760684E-04 -8.315442388504E-05
 -8.513205465329E-05 -1.163545774310E-04  1.112745139371E-04  1.299774325078E-04
  4.687815134619E-07  2.068163111320E-05 -5.912640101159E-05  8.268237488977E-06
 -2.031614930666E-04 -1.536311444428E-05 -6.302500079116E-05  1.272705680535E-03
  1.060125593220E-04  6.665750820157E-01  1.303107479524E-02  4.083709988776E-04
  5.129155175732E-02 -3.269949886147E-02 -6.821056948699E-07 -1.111823079261E-05
  5.041903252827E-05 -4.748621227333E-07 -3.805979568380E-05 -1.423106843855E-06
  6.290519124506E-05 -1.254948517992E-03 -8.770134224928E-05  6.743191109613E-01
  1.331044392846E-02  4.185860149166E-04  5.189404314072E-02 -3.306325164791E-02
 -2.983669900448E-04 -2.897409765974E-04  3.118251953258E-04  3.023463266515E-04
  3.159510601051E-04  4.171208397301E-04 -3.260831378318E-04 -4.325599680110E-04
 -1.791227657789E-06 -2.882191915288E-05  6.510275639347E-05  1.968482449124E-06
 -4.030258193040E-05  3.879648065896E-07 -2.389089271235E-06  2.652906356453E-05
  4.190204758928E-05  7.408933801785E-01  1.453597607703E-02  4.577344306669E-04
  5.701488165751E-02 -3.637648803390E-02 -3.099099889101E-06 -2.137802907902E-05
  7.709352575486E-05  2.880485737442E-06 -5.392488862598E-05 -1.251734176935E-05
  6.150542806288E-06 -1.116448632967E-04 -2.313240705114E-05 -7.338687470598E-01
 -1.442903968495E-02 -4.499471699866E-04 -5.647218808912E-02  3.594516802937E-02
  4.081244873368E-06 -3.031671296335E-05 -8.830252163301E-05  1.226148893894E-06
  5.856798663044E-05  3.499623726386E-06 -1.396624144010E-04 -2.446414199665E-05
  1.672323034242E-02  2.900346280821E-01 -6.002388430232E-01  8.147943482042E-04
  5.210056996804E-03 -6.670524311168E-02  4.177983708661E-03  2.704026305323E-02
 -3.459006121830E-01  6.194272164593E-02 -3.425066172944E-02 -3.128262373985E-02
  1.485334043282E-02  3.165094198294E-01  3.302262582719E-02  2.183195984832E-01
 -7.278349075314E-01 -1.246649111122E-03 -7.968839183209E-03  1.018808856654E-01
 -1.309035078686E-03 -8.536278919516E-03  1.093741991678E-01  7.548586738073E-02
 -3.988784665728E-02 -4.240504838622E-02  1.848439383255E-02  3.869147752383E-01
  4.150496462694E-01  1.217817075463E-01  4.150483980771E-01  1.217891110001E-01
  4.191123219817E-01  7.402910109089E-02  4.191072615728E-01  7.404256481292E-02
  4.233861984970E-07 -2.548404614952E-05  2.945717345540E-05  5.457011559133E-03
 -1.101549959199E-01 -8.527095832084E-03  4.612210677432E-02 -9.306250762098E-01
 -7.224028541664E-02  4.490085160753E-03 -5.550545609596E-01 -2.164867646137E-02
  2.817524846422E-02 -2.197809014141E-02 -1.468095027256E-06 -3.038782001777E-05
 -1.813454485206E-05  1.419515488471E-02 -2.866013709370E-01 -2.224209667076E-02
 -1.588127627446E-02  3.204133662030E-01  2.484624267813E-02 -6.648027693375E-03
  8.013925596245E-01  3.127156562986E-02 -4.071242146895E-02  3.174090206812E-02
  6.280391787849E-01  1.478330592724E-01 -6.280089942480E-01 -1.478262664126E-01
  4.792112166802E-01 -3.236398843015E-01 -4.792085439056E-01  3.236336605270E-01
  2.129000355073E-02 -5.352707662444E-01  1.162836283940E-01 -5.357272834217E-03
 -3.417811847907E-02  4.373592280825E-01  8.184272421369E-03  5.251208071586E-02
 -6.714238132964E-01  3.029797002545E-02 -9.608002681007E-02  1.549600095023E-01
 -5.452258028837E-03  1.484733739448E-01 -3.044922591760E-02 -4.960643763463E-01
  1.024208050487E-01  2.527714778703E-03  1.612720273167E-02 -2.061819645368E-01
 -3.687505246654E-03 -2.367623165614E-02  3.027502385422E-01  4.868954340501E-03
 -1.127779168180E-01  2.337481683054E-01 -1.647011393667E-02  1.590978056006E-02
  2.460237254144E-01  3.667860537758E-03  2.460839500774E-01  3.664156101492E-03
  1.336985854538E-01 -5.615446802515E-02  1.337430449614E-01 -5.618809680954E-02
  3.009304510495E-02  5.458688549761E-01 -1.507302193428E+00  1.987563296288E-03
  1.282286444709E-02 -1.640997830363E-01 -2.250819892937E-03 -1.346420590002E-02
  1.730236846776E-01  8.250405259410E-02 -5.880751304014E-02 -1.352072180687E-02
  1.790065856745E-02  4.211254839195E-01 -2.845361306185E-02 -1.344711374013E-01
  1.090365334452E+00  3.016244132727E-04  1.701938930422E-03 -2.174166044006E-02
 -2.306315067808E-03 -1.528908242973E-02  1.949470261169E-01 -7.396219978554E-02
  7.909435279635E-02 -4.448164553830E-02 -1.137874690776E-02 -3.752924956714E-01
  5.441646494910E-01  7.737319352644E-04  5.442158899172E-01  7.974280907971E-04
 -4.410447438738E-01  8.551171887210E-03 -4.410617562052E-01  8.508231177960E-03
 -9.107015131163E-06 -1.216612899706E-04  3.898996847453E-04 -6.397732726427E-02
 -3.093996716457E-03 -9.954971876648E-04 -3.717356866333E-01 -1.796329070886E-02
 -5.978732773158E-03 -7.386842206233E-02  4.413124212098E-02  7.508210065239E-03
  9.375089831921E-01 -4.083650220667E-03  7.543285130438E-06  4.871032106421E-05
 -2.787829224067E-04  1.715893919470E-01  8.282899438947E-03  2.755624011456E-03
  2.833272560246E-01  1.369699765322E-02  4.468815754769E-03 -7.392321846026E-02
  4.416896678642E-02  7.523041185194E-03  9.387266585904E-01 -3.890912727061E-03
 -1.578421708079E-04  9.563042919344E-06 -1.743432295160E-04  9.658586174734E-06
  1.005646098440E-04 -6.538542037416E-06  8.346147429350E-05  9.887068568192E-06
 -8.044407463243E-02 -1.378867940067E-01  2.587828122584E+00  6.494857839593E-03
  4.145722764797E-02 -5.302684974738E-01  2.100885675328E-02  1.341136025672E-01
 -1.716932435458E+00  1.651751685043E-03 -1.719701593148E-01  3.660264498485E-01
 -2.705592366752E-02 -5.620932535434E-03  3.575430932641E-02 -7.041697991981E-01
 -2.138103990248E+00  1.247553341029E-02  7.962543783474E-02 -1.018975306299E+00
  1.487419275101E-02  9.506610050383E-02 -1.215251084213E+00  2.301502583689E-03
  1.327620065841E-01 -2.891157746953E-01  2.211015948803E-02  2.280602171038E-02
 -3.863007803842E-03  1.703148613050E-01 -4.012209192779E-03  1.703111860480E-01
  2.250470984891E-02 -2.862699828036E-02  2.260517520379E-02 -2.858855251529E-02
  1.015694637915E-05  1.286013221519E-05 -3.006023191363E-04 -3.755903028540E-03
  7.581877535896E-02  5.948540209145E-03  3.434317428338E-02 -6.931889226856E-01
 -5.358585246251E-02  9.166176415805E-03 -1.097276032668E+00 -4.285727765518E-02
  5.574741429416E-02 -4.347411360432E-02 -4.845133483911E-06  8.602485911016E-05
  2.376567180245E-04  6.629484641588E-03 -1.338166301375E-01 -1.025300394122E-02
 -3.248772640917E-02  6.558424683534E-01  5.098676371058E-02  7.439489854011E-03
 -8.834002180628E-01 -3.442645716598E-02  4.486932676342E-02 -3.500626611416E-02
  6.609625948625E-01 -2.562526053765E-02 -6.609394531254E-01  2.559471981720E-02
 -4.121317234398E-01 -1.328173285196E-01  4.121142758533E-01  1.328213985064E-01
orbocc
(1p4e20.12)                                                                     
  2.000000000000E+00  2.000000000000E+00  2.000000000000E+00  2.000000000000E+00
  2.000000000000E+00  2.000000000000E+00  2.000000000000E+00  2.000000000000E+00
  0.000000000000E+00  0.000000000000E+00  0.000000000000E+00  0.000000000000E+00
  0.000000000000E+00  0.000000000000E+00  0.000000000000E+00  0.000000000000E+00
  0.000000000000E+00  0.000000000000E+00  0.000000000000E+00  0.000000000000E+00
  0.000000000000E+00  0.000000000000E+00  0.000000000000E+00  0.000000000000E+00
  0.000000000000E+00  0.000000000000E+00  0.000000000000E+00  0.000000000000E+00
  0.000000000000E+00  0.000000000000E+00  0.000000000000E+00  0.000000000000E+00
  0.000000000000E+00  0.000000000000E+00  0.000000000000E+00  0.000000000000E+00
energy
(1p4e20.12)                                                                     
 -1.590876978068E+01 -1.159888944774E+01 -1.548725227321E+00 -1.177191159356E+00
 -1.030955095285E+00 -9.680131258380E-01 -8.445080967028E-01 -7.772469282486E-01
 -1.412668747095E-01 -1.681738612093E-02  2.272241503535E-02  4.739307022963E-02
  1.346507961661E-01  2.028170718644E-01  5.019296286955E-01  5.054764035393E-01
  5.207437462816E-01  5.948930703461E-01  7.069995016261E-01  7.091314436534E-01
  8.044421238765E-01  9.049328208826E-01  9.169770745636E-01  9.281490524819E-01
  1.243531068765E+00  1.352113551992E+00  1.420536952804E+00  1.463014597081E+00
  1.808108023194E+00  1.894032629255E+00  2.062266734759E+00  2.208844391477E+00
  2.390728789754E+00  2.435456211869E+00  2.750411365398E+00  2.795726181274E+00
