 4 compact or full orbital order
 (3d25.12)
                    36
      -0.158952083669D+02       0.200000000000D+01
      -0.115848880991D+02       0.200000000000D+01
      -0.154494870116D+01       0.200000000000D+01
      -0.117427494747D+01       0.200000000000D+01
      -0.101690872592D+01       0.200000000000D+01
      -0.966129810042D+00       0.200000000000D+01
      -0.793981174636D+00       0.166575124806D+01
      -0.708851181482D+00       0.163269252535D+01
      -0.263766423035D+00       0.701556226588D+00
      -0.179358260340D-01       0.000000000000D+00
       0.200878094481D-01       0.000000000000D+00
       0.422341008177D-01       0.000000000000D+00
       0.133257003706D+00       0.000000000000D+00
       0.202236447623D+00       0.000000000000D+00
       0.498767664869D+00       0.000000000000D+00
       0.505751503255D+00       0.000000000000D+00
       0.516207745649D+00       0.000000000000D+00
       0.592634371239D+00       0.000000000000D+00
       0.704575135063D+00       0.000000000000D+00
       0.707309893140D+00       0.000000000000D+00
       0.798749027276D+00       0.000000000000D+00
       0.904202281567D+00       0.000000000000D+00
       0.917077450913D+00       0.000000000000D+00
       0.928303524796D+00       0.000000000000D+00
       0.124394718670D+01       0.000000000000D+00
       0.134498532033D+01       0.000000000000D+00
       0.141826191825D+01       0.000000000000D+00
       0.146563026165D+01       0.000000000000D+00
       0.180532546846D+01       0.000000000000D+00
       0.189364870116D+01       0.000000000000D+00
       0.205576425957D+01       0.000000000000D+00
       0.220710231755D+01       0.000000000000D+00
       0.238568544289D+01       0.000000000000D+00
       0.243782256094D+01       0.000000000000D+00
       0.275292915719D+01       0.000000000000D+00
       0.279283412361D+01       0.000000000000D+00
